cidade,uf,nome_completo
Abadia de Goiás,GO,Abadia de Goiás - GO
Abadia dos Dourados,MG,Abadia dos Dourados - MG
Abadiânia,GO,Abadiânia - GO
Abaetetuba,PA,Abaetetuba - PA
Abaeté,MG,Abaeté - MG
Abaiara,CE,Abaiara - CE
Abaré,BA,Abaré - BA
Abatiá,PR,Abatiá - PR
Abaíra,BA,Abaíra - BA
Abdon Batista,SC,Abdon Batista - SC
Abel Figueiredo,PA,Abel Figueiredo - PA
Abelardo Luz,SC,Abelardo Luz - SC
Abre Campo,MG,Abre Campo - MG
Abreu e Lima,PE,Abreu e Lima - PE
Abreulândia,TO,Abreulândia - TO
Acaiaca,MG,Acaiaca - MG
Acajutiba,BA,Acajutiba - BA
Acarape,CE,Acarape - CE
Acaraú,CE,Acaraú - CE
Acari,RN,Acari - RN
Acará,PA,Acará - PA
Acauã,PI,Acauã - PI
Aceguá,RS,Aceguá - RS
Acopiara,CE,Acopiara - CE
Acorizal,MT,Acorizal - MT
Acrelândia,AC,Acrelândia - AC
Acreúna,GO,Acreúna - GO
Adamantina,SP,Adamantina - SP
Adelândia,GO,Adelândia - GO
Adolfo,SP,Adolfo - SP
Adrianópolis,PR,Adrianópolis - PR
Adustina,BA,Adustina - BA
Afogados da Ingazeira,PE,Afogados da Ingazeira - PE
Afonso Bezerra,RN,Afonso Bezerra - RN
Afonso Cláudio,ES,Afonso Cláudio - ES
Afonso Cunha,MA,Afonso Cunha - MA
Afrânio,PE,Afrânio - PE
Afuá,PA,Afuá - PA
Agrestina,PE,Agrestina - PE
Agricolândia,PI,Agricolândia - PI
Agrolândia,SC,Agrolândia - SC
Agronômica,SC,Agronômica - SC
Aguanil,MG,Aguanil - MG
Aguaí,SP,Aguaí - SP
Agudo,RS,Agudo - RS
Agudos,SP,Agudos - SP
Agudos do Sul,PR,Agudos do Sul - PR
Aguiar,PB,Aguiar - PB
Aguiarnópolis,TO,Aguiarnópolis - TO
Aimorés,MG,Aimorés - MG
Aiquara,BA,Aiquara - BA
Aiuaba,CE,Aiuaba - CE
Aiuruoca,MG,Aiuruoca - MG
Ajuricaba,RS,Ajuricaba - RS
Alagoa,MG,Alagoa - MG
Alagoa Grande,PB,Alagoa Grande - PB
Alagoa Nova,PB,Alagoa Nova - PB
Alagoinha,PB,Alagoinha - PB
Alagoinha,PE,Alagoinha - PE
Alagoinha do Piauí,PI,Alagoinha do Piauí - PI
Alagoinhas,BA,Alagoinhas - BA
Alambari,SP,Alambari - SP
Albertina,MG,Albertina - MG
Alcantil,PB,Alcantil - PB
Alcinópolis,MS,Alcinópolis - MS
Alcobaça,BA,Alcobaça - BA
Alcântara,MA,Alcântara - MA
Alcântaras,CE,Alcântaras - CE
Aldeias Altas,MA,Aldeias Altas - MA
Alecrim,RS,Alecrim - RS
Alegre,ES,Alegre - ES
Alegrete,RS,Alegrete - RS
Alegrete do Piauí,PI,Alegrete do Piauí - PI
Alegria,RS,Alegria - RS
Alenquer,PA,Alenquer - PA
Alexandria,RN,Alexandria - RN
Alexânia,GO,Alexânia - GO
Alfenas,MG,Alfenas - MG
Alfredo Chaves,ES,Alfredo Chaves - ES
Alfredo Marcondes,SP,Alfredo Marcondes - SP
Alfredo Vasconcelos,MG,Alfredo Vasconcelos - MG
Alfredo Wagner,SC,Alfredo Wagner - SC
Algodão de Jandaíra,PB,Algodão de Jandaíra - PB
Alhandra,PB,Alhandra - PB
Aliança,PE,Aliança - PE
Aliança do Tocantins,TO,Aliança do Tocantins - TO
Almadina,BA,Almadina - BA
Almas,TO,Almas - TO
Almeirim,PA,Almeirim - PA
Almenara,MG,Almenara - MG
Almino Afonso,RN,Almino Afonso - RN
Almirante Tamandaré,PR,Almirante Tamandaré - PR
Almirante Tamandaré do Sul,RS,Almirante Tamandaré do Sul - RS
Aloândia,GO,Aloândia - GO
Alpercata,MG,Alpercata - MG
Alpestre,RS,Alpestre - RS
Alpinópolis,MG,Alpinópolis - MG
Alta Floresta,MT,Alta Floresta - MT
Alta Floresta D'Oeste,RO,Alta Floresta D'Oeste - RO
Altair,SP,Altair - SP
Altamira,PA,Altamira - PA
Altamira do Maranhão,MA,Altamira do Maranhão - MA
Altamira do Paraná,PR,Altamira do Paraná - PR
Altaneira,CE,Altaneira - CE
Alterosa,MG,Alterosa - MG
Altinho,PE,Altinho - PE
Altinópolis,SP,Altinópolis - SP
Alto Alegre,RR,Alto Alegre - RR
Alto Alegre,RS,Alto Alegre - RS
Alto Alegre,SP,Alto Alegre - SP
Alto Alegre do Maranhão,MA,Alto Alegre do Maranhão - MA
Alto Alegre do Pindaré,MA,Alto Alegre do Pindaré - MA
Alto Alegre dos Parecis,RO,Alto Alegre dos Parecis - RO
Alto Araguaia,MT,Alto Araguaia - MT
Alto Bela Vista,SC,Alto Bela Vista - SC
Alto Boa Vista,MT,Alto Boa Vista - MT
Alto Caparaó,MG,Alto Caparaó - MG
Alto do Rodrigues,RN,Alto do Rodrigues - RN
Alto Feliz,RS,Alto Feliz - RS
Alto Garças,MT,Alto Garças - MT
Alto Horizonte,GO,Alto Horizonte - GO
Alto Jequitibá,MG,Alto Jequitibá - MG
Alto Longá,PI,Alto Longá - PI
Alto Paraguai,MT,Alto Paraguai - MT
Alto Paraná,PR,Alto Paraná - PR
Alto Paraíso,PR,Alto Paraíso - PR
Alto Paraíso,RO,Alto Paraíso - RO
Alto Paraíso de Goiás,GO,Alto Paraíso de Goiás - GO
Alto Parnaíba,MA,Alto Parnaíba - MA
Alto Piquiri,PR,Alto Piquiri - PR
Alto Rio Doce,MG,Alto Rio Doce - MG
Alto Rio Novo,ES,Alto Rio Novo - ES
Alto Santo,CE,Alto Santo - CE
Alto Taquari,MT,Alto Taquari - MT
Altos,PI,Altos - PI
Altônia,PR,Altônia - PR
Alumínio,SP,Alumínio - SP
Alvarenga,MG,Alvarenga - MG
Alvarães,AM,Alvarães - AM
Alvinlândia,SP,Alvinlândia - SP
Alvinópolis,MG,Alvinópolis - MG
Alvorada,RS,Alvorada - RS
Alvorada,TO,Alvorada - TO
Alvorada D'Oeste,RO,Alvorada D'Oeste - RO
Alvorada de Minas,MG,Alvorada de Minas - MG
Alvorada do Gurguéia,PI,Alvorada do Gurguéia - PI
Alvorada do Norte,GO,Alvorada do Norte - GO
Alvorada do Sul,PR,Alvorada do Sul - PR
Além Paraíba,MG,Além Paraíba - MG
Amajari,RR,Amajari - RR
Amambai,MS,Amambai - MS
Amaporã,PR,Amaporã - PR
Amapá,AP,Amapá - AP
Amapá do Maranhão,MA,Amapá do Maranhão - MA
Amaraji,PE,Amaraji - PE
Amaral Ferrador,RS,Amaral Ferrador - RS
Amaralina,GO,Amaralina - GO
Amarante,PI,Amarante - PI
Amarante do Maranhão,MA,Amarante do Maranhão - MA
Amargosa,BA,Amargosa - BA
Amaturá,AM,Amaturá - AM
Americana,SP,Americana - SP
Americano do Brasil,GO,Americano do Brasil - GO
Ametista do Sul,RS,Ametista do Sul - RS
Amontada,CE,Amontada - CE
Amorinópolis,GO,Amorinópolis - GO
Amparo,PB,Amparo - PB
Amparo,SP,Amparo - SP
Amparo do Serra,MG,Amparo do Serra - MG
Amparo do São Francisco,SE,Amparo do São Francisco - SE
Ampére,PR,Ampére - PR
Amélia Rodrigues,BA,Amélia Rodrigues - BA
América Dourada,BA,América Dourada - BA
Américo Brasiliense,SP,Américo Brasiliense - SP
Américo de Campos,SP,Américo de Campos - SP
Anadia,AL,Anadia - AL
Anagé,BA,Anagé - BA
Anahy,PR,Anahy - PR
Anajatuba,MA,Anajatuba - MA
Anajás,PA,Anajás - PA
Analândia,SP,Analândia - SP
Anamã,AM,Anamã - AM
Ananindeua,PA,Ananindeua - PA
Ananás,TO,Ananás - TO
Anapu,PA,Anapu - PA
Anapurus,MA,Anapurus - MA
Anastácio,MS,Anastácio - MS
Anaurilândia,MS,Anaurilândia - MS
Anchieta,ES,Anchieta - ES
Anchieta,SC,Anchieta - SC
Andaraí,BA,Andaraí - BA
Andirá,PR,Andirá - PR
Andorinha,BA,Andorinha - BA
Andradas,MG,Andradas - MG
Andradina,SP,Andradina - SP
Andrelândia,MG,Andrelândia - MG
André da Rocha,RS,André da Rocha - RS
Angatuba,SP,Angatuba - SP
Angelim,PE,Angelim - PE
Angelina,SC,Angelina - SC
Angelândia,MG,Angelândia - MG
Angical,BA,Angical - BA
Angical do Piauí,PI,Angical do Piauí - PI
Angico,TO,Angico - TO
Angicos,RN,Angicos - RN
Angra dos Reis,RJ,Angra dos Reis - RJ
Anguera,BA,Anguera - BA
Angélica,MS,Angélica - MS
Anhanguera,GO,Anhanguera - GO
Anhembi,SP,Anhembi - SP
Anhumas,SP,Anhumas - SP
Anicuns,GO,Anicuns - GO
Anita Garibaldi,SC,Anita Garibaldi - SC
Anitápolis,SC,Anitápolis - SC
Anori,AM,Anori - AM
Anta Gorda,RS,Anta Gorda - RS
Antas,BA,Antas - BA
Antonina,PR,Antonina - PR
Antonina do Norte,CE,Antonina do Norte - CE
Antônio Almeida,PI,Antônio Almeida - PI
Antônio Cardoso,BA,Antônio Cardoso - BA
Antônio Carlos,MG,Antônio Carlos - MG
Antônio Carlos,SC,Antônio Carlos - SC
Antônio Dias,MG,Antônio Dias - MG
Antônio Gonçalves,BA,Antônio Gonçalves - BA
Antônio João,MS,Antônio João - MS
Antônio Martins,RN,Antônio Martins - RN
Antônio Olinto,PR,Antônio Olinto - PR
Antônio Prado,RS,Antônio Prado - RS
Antônio Prado de Minas,MG,Antônio Prado de Minas - MG
Anápolis,GO,Anápolis - GO
Anísio de Abreu,PI,Anísio de Abreu - PI
Aparecida,PB,Aparecida - PB
Aparecida,SP,Aparecida - SP
Aparecida d'Oeste,SP,Aparecida d'Oeste - SP
Aparecida de Goiânia,GO,Aparecida de Goiânia - GO
Aparecida do Rio Doce,GO,Aparecida do Rio Doce - GO
Aparecida do Rio Negro,TO,Aparecida do Rio Negro - TO
Aparecida do Taboado,MS,Aparecida do Taboado - MS
Aperibé,RJ,Aperibé - RJ
Apiacá,ES,Apiacá - ES
Apiacás,MT,Apiacás - MT
Apiaí,SP,Apiaí - SP
Apicum-Açu,MA,Apicum-Açu - MA
Apiúna,SC,Apiúna - SC
Apodi,RN,Apodi - RN
Aporá,BA,Aporá - BA
Aporé,GO,Aporé - GO
Apuarema,BA,Apuarema - BA
Apucarana,PR,Apucarana - PR
Apuiarés,CE,Apuiarés - CE
Apuí,AM,Apuí - AM
Aquidabã,SE,Aquidabã - SE
Aquidauana,MS,Aquidauana - MS
Aquiraz,CE,Aquiraz - CE
Arabutã,SC,Arabutã - SC
Aracaju,SE,Aracaju - SE
Aracati,CE,Aracati - CE
Aracatu,BA,Aracatu - BA
Araci,BA,Araci - BA
Aracitaba,MG,Aracitaba - MG
Aracoiaba,CE,Aracoiaba - CE
Aracruz,ES,Aracruz - ES
Aragarças,GO,Aragarças - GO
Aragoiânia,GO,Aragoiânia - GO
Aragominas,TO,Aragominas - TO
Araguacema,TO,Araguacema - TO
Araguaiana,MT,Araguaiana - MT
Araguainha,MT,Araguainha - MT
Araguanã,MA,Araguanã - MA
Araguanã,TO,Araguanã - TO
Araguapaz,GO,Araguapaz - GO
Araguari,MG,Araguari - MG
Araguatins,TO,Araguatins - TO
Araguaçu,TO,Araguaçu - TO
Araguaína,TO,Araguaína - TO
Araioses,MA,Araioses - MA
Aral Moreira,MS,Aral Moreira - MS
Aramari,BA,Aramari - BA
Arambaré,RS,Arambaré - RS
Arame,MA,Arame - MA
Aramina,SP,Aramina - SP
Arandu,SP,Arandu - SP
Arantina,MG,Arantina - MG
Arapeí,SP,Arapeí - SP
Arapiraca,AL,Arapiraca - AL
Arapoema,TO,Arapoema - TO
Araponga,MG,Araponga - MG
Arapongas,PR,Arapongas - PR
Araporã,MG,Araporã - MG
Arapoti,PR,Arapoti - PR
Araputanga,MT,Araputanga - MT
Arapuá,MG,Arapuá - MG
Arapuã,PR,Arapuã - PR
Araquari,SC,Araquari - SC
Arara,PB,Arara - PB
Araranguá,SC,Araranguá - SC
Araraquara,SP,Araraquara - SP
Araras,SP,Araras - SP
Ararendá,CE,Ararendá - CE
Arari,MA,Arari - MA
Araricá,RS,Araricá - RS
Araripe,CE,Araripe - CE
Araripina,PE,Araripina - PE
Araruama,RJ,Araruama - RJ
Araruna,PB,Araruna - PB
Araruna,PR,Araruna - PR
Arataca,BA,Arataca - BA
Aratiba,RS,Aratiba - RS
Aratuba,CE,Aratuba - CE
Aratuípe,BA,Aratuípe - BA
Araucária,PR,Araucária - PR
Arauá,SE,Arauá - SE
Araxá,MG,Araxá - MG
Araçagi,PB,Araçagi - PB
Araçariguama,SP,Araçariguama - SP
Araçatuba,SP,Araçatuba - SP
Araçaí,MG,Araçaí - MG
Araçoiaba,PE,Araçoiaba - PE
Araçoiaba da Serra,SP,Araçoiaba da Serra - SP
Araçu,GO,Araçu - GO
Araçuaí,MG,Araçuaí - MG
Araçás,BA,Araçás - BA
Araújos,MG,Araújos - MG
Arceburgo,MG,Arceburgo - MG
Arco-Íris,SP,Arco-Íris - SP
Arcos,MG,Arcos - MG
Arcoverde,PE,Arcoverde - PE
Areado,MG,Areado - MG
Areal,RJ,Areal - RJ
Arealva,SP,Arealva - SP
Areia,PB,Areia - PB
Areia Branca,RN,Areia Branca - RN
Areia Branca,SE,Areia Branca - SE
Areia de Baraúnas,PB,Areia de Baraúnas - PB
Areial,PB,Areial - PB
Areias,SP,Areias - SP
Areiópolis,SP,Areiópolis - SP
Arenápolis,MT,Arenápolis - MT
Arenópolis,GO,Arenópolis - GO
Arez,RN,Arez - RN
Argirita,MG,Argirita - MG
Aricanduva,MG,Aricanduva - MG
Arinos,MG,Arinos - MG
Aripuanã,MT,Aripuanã - MT
Ariquemes,RO,Ariquemes - RO
Ariranha,SP,Ariranha - SP
Ariranha do Ivaí,PR,Ariranha do Ivaí - PR
Armazém,SC,Armazém - SC
Armação dos Búzios,RJ,Armação dos Búzios - RJ
Arneiroz,CE,Arneiroz - CE
Aroazes,PI,Aroazes - PI
Aroeiras,PB,Aroeiras - PB
Aroeiras do Itaim,PI,Aroeiras do Itaim - PI
Arraial,PI,Arraial - PI
Arraial do Cabo,RJ,Arraial do Cabo - RJ
Arraias,TO,Arraias - TO
Arroio do Meio,RS,Arroio do Meio - RS
Arroio do Padre,RS,Arroio do Padre - RS
Arroio do Sal,RS,Arroio do Sal - RS
Arroio do Tigre,RS,Arroio do Tigre - RS
Arroio dos Ratos,RS,Arroio dos Ratos - RS
Arroio Grande,RS,Arroio Grande - RS
Arroio Trinta,SC,Arroio Trinta - SC
Artur Nogueira,SP,Artur Nogueira - SP
Aruanã,GO,Aruanã - GO
Arujá,SP,Arujá - SP
Arvoredo,SC,Arvoredo - SC
Arvorezinha,RS,Arvorezinha - RS
Ascurra,SC,Ascurra - SC
Aspásia,SP,Aspásia - SP
Assaré,CE,Assaré - CE
Assaí,PR,Assaí - PR
Assis,SP,Assis - SP
Assis Brasil,AC,Assis Brasil - AC
Assis Chateaubriand,PR,Assis Chateaubriand - PR
Assunção,PB,Assunção - PB
Assunção do Piauí,PI,Assunção do Piauí - PI
Assú,RN,Assú - RN
Astolfo Dutra,MG,Astolfo Dutra - MG
Astorga,PR,Astorga - PR
Atalaia,AL,Atalaia - AL
Atalaia,PR,Atalaia - PR
Atalaia do Norte,AM,Atalaia do Norte - AM
Atalanta,SC,Atalanta - SC
Ataléia,MG,Ataléia - MG
Atibaia,SP,Atibaia - SP
Atílio Vivácqua,ES,Atílio Vivácqua - ES
Augustinópolis,TO,Augustinópolis - TO
Augusto Corrêa,PA,Augusto Corrêa - PA
Augusto de Lima,MG,Augusto de Lima - MG
Augusto Pestana,RS,Augusto Pestana - RS
Aurelino Leal,BA,Aurelino Leal - BA
Auriflama,SP,Auriflama - SP
Aurilândia,GO,Aurilândia - GO
Aurora,CE,Aurora - CE
Aurora,SC,Aurora - SC
Aurora do Pará,PA,Aurora do Pará - PA
Aurora do Tocantins,TO,Aurora do Tocantins - TO
Autazes,AM,Autazes - AM
Avanhandava,SP,Avanhandava - SP
Avaré,SP,Avaré - SP
Avaí,SP,Avaí - SP
Aveiro,PA,Aveiro - PA
Avelino Lopes,PI,Avelino Lopes - PI
Avelinópolis,GO,Avelinópolis - GO
Axixá,MA,Axixá - MA
Axixá do Tocantins,TO,Axixá do Tocantins - TO
Açailândia,MA,Açailândia - MA
Açucena,MG,Açucena - MG
Babaçulândia,TO,Babaçulândia - TO
Bacabal,MA,Bacabal - MA
Bacabeira,MA,Bacabeira - MA
Bacuri,MA,Bacuri - MA
Bacurituba,MA,Bacurituba - MA
Bady Bassitt,SP,Bady Bassitt - SP
Baependi,MG,Baependi - MG
Bagre,PA,Bagre - PA
Bagé,RS,Bagé - RS
Baianópolis,BA,Baianópolis - BA
Baixa Grande,BA,Baixa Grande - BA
Baixa Grande do Ribeiro,PI,Baixa Grande do Ribeiro - PI
Baixio,CE,Baixio - CE
Baixo Guandu,ES,Baixo Guandu - ES
Baião,PA,Baião - PA
Balbinos,SP,Balbinos - SP
Baldim,MG,Baldim - MG
Baliza,GO,Baliza - GO
Balneário Arroio do Silva,SC,Balneário Arroio do Silva - SC
Balneário Barra do Sul,SC,Balneário Barra do Sul - SC
Balneário Camboriú,SC,Balneário Camboriú - SC
Balneário Gaivota,SC,Balneário Gaivota - SC
Balneário Pinhal,RS,Balneário Pinhal - RS
Balneário Piçarras,SC,Balneário Piçarras - SC
Balneário Rincão,SC,Balneário Rincão - SC
Balsa Nova,PR,Balsa Nova - PR
Balsas,MA,Balsas - MA
Bambuí,MG,Bambuí - MG
Banabuiú,CE,Banabuiú - CE
Bananal,SP,Bananal - SP
Bananeiras,PB,Bananeiras - PB
Bandeira,MG,Bandeira - MG
Bandeira do Sul,MG,Bandeira do Sul - MG
Bandeirante,SC,Bandeirante - SC
Bandeirantes,MS,Bandeirantes - MS
Bandeirantes,PR,Bandeirantes - PR
Bandeirantes do Tocantins,TO,Bandeirantes do Tocantins - TO
Bannach,PA,Bannach - PA
Banzaê,BA,Banzaê - BA
Baraúna,PB,Baraúna - PB
Baraúna,RN,Baraúna - RN
Barbacena,MG,Barbacena - MG
Barbalha,CE,Barbalha - CE
Barbosa,SP,Barbosa - SP
Barbosa Ferraz,PR,Barbosa Ferraz - PR
Barcarena,PA,Barcarena - PA
Barcelona,RN,Barcelona - RN
Barcelos,AM,Barcelos - AM
Bariri,SP,Bariri - SP
Barra,BA,Barra - BA
Barra Bonita,SC,Barra Bonita - SC
Barra Bonita,SP,Barra Bonita - SP
Barra D'Alcântara,PI,Barra D'Alcântara - PI
Barra da Estiva,BA,Barra da Estiva - BA
Barra de Guabiraba,PE,Barra de Guabiraba - PE
Barra de Santa Rosa,PB,Barra de Santa Rosa - PB
Barra de Santana,PB,Barra de Santana - PB
Barra de Santo Antônio,AL,Barra de Santo Antônio - AL
Barra de São Francisco,ES,Barra de São Francisco - ES
Barra de São Miguel,AL,Barra de São Miguel - AL
Barra de São Miguel,PB,Barra de São Miguel - PB
Barra do Bugres,MT,Barra do Bugres - MT
Barra do Chapéu,SP,Barra do Chapéu - SP
Barra do Choça,BA,Barra do Choça - BA
Barra do Corda,MA,Barra do Corda - MA
Barra do Garças,MT,Barra do Garças - MT
Barra do Guarita,RS,Barra do Guarita - RS
Barra do Jacaré,PR,Barra do Jacaré - PR
Barra do Mendes,BA,Barra do Mendes - BA
Barra do Ouro,TO,Barra do Ouro - TO
Barra do Piraí,RJ,Barra do Piraí - RJ
Barra do Quaraí,RS,Barra do Quaraí - RS
Barra do Ribeiro,RS,Barra do Ribeiro - RS
Barra do Rio Azul,RS,Barra do Rio Azul - RS
Barra do Rocha,BA,Barra do Rocha - BA
Barra do Turvo,SP,Barra do Turvo - SP
Barra dos Coqueiros,SE,Barra dos Coqueiros - SE
Barra Funda,RS,Barra Funda - RS
Barra Longa,MG,Barra Longa - MG
Barra Mansa,RJ,Barra Mansa - RJ
Barra Velha,SC,Barra Velha - SC
Barracão,PR,Barracão - PR
Barracão,RS,Barracão - RS
Barras,PI,Barras - PI
Barreira,CE,Barreira - CE
Barreiras,BA,Barreiras - BA
Barreiras do Piauí,PI,Barreiras do Piauí - PI
Barreirinha,AM,Barreirinha - AM
Barreirinhas,MA,Barreirinhas - MA
Barreiros,PE,Barreiros - PE
Barretos,SP,Barretos - SP
Barrinha,SP,Barrinha - SP
Barro,CE,Barro - CE
Barro Alto,BA,Barro Alto - BA
Barro Alto,GO,Barro Alto - GO
Barro Duro,PI,Barro Duro - PI
Barro Preto,BA,Barro Preto - BA
Barrocas,BA,Barrocas - BA
Barrolândia,TO,Barrolândia - TO
Barroquinha,CE,Barroquinha - CE
Barros Cassal,RS,Barros Cassal - RS
Barroso,MG,Barroso - MG
Barueri,SP,Barueri - SP
Barão,RS,Barão - RS
Barão de Antonina,SP,Barão de Antonina - SP
Barão de Cocais,MG,Barão de Cocais - MG
Barão de Cotegipe,RS,Barão de Cotegipe - RS
Barão de Grajaú,MA,Barão de Grajaú - MA
Barão de Melgaço,MT,Barão de Melgaço - MT
Barão do Monte Alto,MG,Barão do Monte Alto - MG
Barão do Triunfo,RS,Barão do Triunfo - RS
Bastos,SP,Bastos - SP
Bataguassu,MS,Bataguassu - MS
Batalha,AL,Batalha - AL
Batalha,PI,Batalha - PI
Batatais,SP,Batatais - SP
Batayporã,MS,Batayporã - MS
Baturité,CE,Baturité - CE
Bauru,SP,Bauru - SP
Bayeux,PB,Bayeux - PB
Baía da Traição,PB,Baía da Traição - PB
Baía Formosa,RN,Baía Formosa - RN
Bebedouro,SP,Bebedouro - SP
Beberibe,CE,Beberibe - CE
Bela Cruz,CE,Bela Cruz - CE
Bela Vista,MS,Bela Vista - MS
Bela Vista da Caroba,PR,Bela Vista da Caroba - PR
Bela Vista de Goiás,GO,Bela Vista de Goiás - GO
Bela Vista de Minas,MG,Bela Vista de Minas - MG
Bela Vista do Maranhão,MA,Bela Vista do Maranhão - MA
Bela Vista do Paraíso,PR,Bela Vista do Paraíso - PR
Bela Vista do Piauí,PI,Bela Vista do Piauí - PI
Bela Vista do Toldo,SC,Bela Vista do Toldo - SC
Belford Roxo,RJ,Belford Roxo - RJ
Belmiro Braga,MG,Belmiro Braga - MG
Belmonte,BA,Belmonte - BA
Belmonte,SC,Belmonte - SC
Belo Campo,BA,Belo Campo - BA
Belo Horizonte,MG,Belo Horizonte - MG
Belo Jardim,PE,Belo Jardim - PE
Belo Monte,AL,Belo Monte - AL
Belo Oriente,MG,Belo Oriente - MG
Belo Vale,MG,Belo Vale - MG
Belterra,PA,Belterra - PA
Belágua,MA,Belágua - MA
Belém,AL,Belém - AL
Belém,PA,Belém - PA
Belém,PB,Belém - PB
Belém de Maria,PE,Belém de Maria - PE
Belém do Brejo do Cruz,PB,Belém do Brejo do Cruz - PB
Belém do Piauí,PI,Belém do Piauí - PI
Belém do São Francisco,PE,Belém do São Francisco - PE
Beneditinos,PI,Beneditinos - PI
Benedito Leite,MA,Benedito Leite - MA
Benedito Novo,SC,Benedito Novo - SC
Benevides,PA,Benevides - PA
Benjamin Constant,AM,Benjamin Constant - AM
Benjamin Constant do Sul,RS,Benjamin Constant do Sul - RS
Bento de Abreu,SP,Bento de Abreu - SP
Bento Fernandes,RN,Bento Fernandes - RN
Bento Gonçalves,RS,Bento Gonçalves - RS
Bequimão,MA,Bequimão - MA
Berilo,MG,Berilo - MG
Berizal,MG,Berizal - MG
Bernardino Batista,PB,Bernardino Batista - PB
Bernardino de Campos,SP,Bernardino de Campos - SP
Bernardo do Mearim,MA,Bernardo do Mearim - MA
Bernardo Sayão,TO,Bernardo Sayão - TO
Bertioga,SP,Bertioga - SP
Bertolínia,PI,Bertolínia - PI
Bertópolis,MG,Bertópolis - MG
Beruri,AM,Beruri - AM
Betim,MG,Betim - MG
Betânia,PE,Betânia - PE
Betânia do Piauí,PI,Betânia do Piauí - PI
Bezerros,PE,Bezerros - PE
Bias Fortes,MG,Bias Fortes - MG
Bicas,MG,Bicas - MG
Biguaçu,SC,Biguaçu - SC
Bilac,SP,Bilac - SP
Biquinhas,MG,Biquinhas - MG
Birigui,SP,Birigui - SP
Biritiba Mirim,SP,Biritiba Mirim - SP
Biritinga,BA,Biritinga - BA
Bituruna,PR,Bituruna - PR
Blumenau,SC,Blumenau - SC
Boa Esperança,ES,Boa Esperança - ES
Boa Esperança,MG,Boa Esperança - MG
Boa Esperança,PR,Boa Esperança - PR
Boa Esperança do Iguaçu,PR,Boa Esperança do Iguaçu - PR
Boa Esperança do Norte,MT,Boa Esperança do Norte - MT
Boa Esperança do Sul,SP,Boa Esperança do Sul - SP
Boa Hora,PI,Boa Hora - PI
Boa Nova,BA,Boa Nova - BA
Boa Ventura,PB,Boa Ventura - PB
Boa Ventura de São Roque,PR,Boa Ventura de São Roque - PR
Boa Viagem,CE,Boa Viagem - CE
Boa Vista,PB,Boa Vista - PB
Boa Vista,RR,Boa Vista - RR
Boa Vista da Aparecida,PR,Boa Vista da Aparecida - PR
Boa Vista das Missões,RS,Boa Vista das Missões - RS
Boa Vista do Buricá,RS,Boa Vista do Buricá - RS
Boa Vista do Cadeado,RS,Boa Vista do Cadeado - RS
Boa Vista do Gurupi,MA,Boa Vista do Gurupi - MA
Boa Vista do Incra,RS,Boa Vista do Incra - RS
Boa Vista do Ramos,AM,Boa Vista do Ramos - AM
Boa Vista do Sul,RS,Boa Vista do Sul - RS
Boa Vista do Tupim,BA,Boa Vista do Tupim - BA
Boca da Mata,AL,Boca da Mata - AL
Boca do Acre,AM,Boca do Acre - AM
Bocaina,PI,Bocaina - PI
Bocaina,SP,Bocaina - SP
Bocaina de Minas,MG,Bocaina de Minas - MG
Bocaina do Sul,SC,Bocaina do Sul - SC
Bocaiúva,MG,Bocaiúva - MG
Bocaiúva do Sul,PR,Bocaiúva do Sul - PR
Bodocó,PE,Bodocó - PE
Bodoquena,MS,Bodoquena - MS
Bodó,RN,Bodó - RN
Bofete,SP,Bofete - SP
Boituva,SP,Boituva - SP
Bom Conselho,PE,Bom Conselho - PE
Bom Despacho,MG,Bom Despacho - MG
Bom Jardim,MA,Bom Jardim - MA
Bom Jardim,PE,Bom Jardim - PE
Bom Jardim,RJ,Bom Jardim - RJ
Bom Jardim da Serra,SC,Bom Jardim da Serra - SC
Bom Jardim de Goiás,GO,Bom Jardim de Goiás - GO
Bom Jardim de Minas,MG,Bom Jardim de Minas - MG
Bom Jesus,PB,Bom Jesus - PB
Bom Jesus,PI,Bom Jesus - PI
Bom Jesus,RN,Bom Jesus - RN
Bom Jesus,RS,Bom Jesus - RS
Bom Jesus,SC,Bom Jesus - SC
Bom Jesus da Lapa,BA,Bom Jesus da Lapa - BA
Bom Jesus da Penha,MG,Bom Jesus da Penha - MG
Bom Jesus da Serra,BA,Bom Jesus da Serra - BA
Bom Jesus das Selvas,MA,Bom Jesus das Selvas - MA
Bom Jesus de Goiás,GO,Bom Jesus de Goiás - GO
Bom Jesus do Amparo,MG,Bom Jesus do Amparo - MG
Bom Jesus do Araguaia,MT,Bom Jesus do Araguaia - MT
Bom Jesus do Galho,MG,Bom Jesus do Galho - MG
Bom Jesus do Itabapoana,RJ,Bom Jesus do Itabapoana - RJ
Bom Jesus do Norte,ES,Bom Jesus do Norte - ES
Bom Jesus do Oeste,SC,Bom Jesus do Oeste - SC
Bom Jesus do Sul,PR,Bom Jesus do Sul - PR
Bom Jesus do Tocantins,PA,Bom Jesus do Tocantins - PA
Bom Jesus do Tocantins,TO,Bom Jesus do Tocantins - TO
Bom Jesus dos Perdões,SP,Bom Jesus dos Perdões - SP
Bom Lugar,MA,Bom Lugar - MA
Bom Princípio,RS,Bom Princípio - RS
Bom Princípio do Piauí,PI,Bom Princípio do Piauí - PI
Bom Progresso,RS,Bom Progresso - RS
Bom Repouso,MG,Bom Repouso - MG
Bom Retiro,SC,Bom Retiro - SC
Bom Retiro do Sul,RS,Bom Retiro do Sul - RS
Bom Sucesso,MG,Bom Sucesso - MG
Bom Sucesso,PB,Bom Sucesso - PB
Bom Sucesso,PR,Bom Sucesso - PR
Bom Sucesso de Itararé,SP,Bom Sucesso de Itararé - SP
Bom Sucesso do Sul,PR,Bom Sucesso do Sul - PR
Bombinhas,SC,Bombinhas - SC
Bonfim,MG,Bonfim - MG
Bonfim,RR,Bonfim - RR
Bonfim do Piauí,PI,Bonfim do Piauí - PI
Bonfinópolis,GO,Bonfinópolis - GO
Bonfinópolis de Minas,MG,Bonfinópolis de Minas - MG
Boninal,BA,Boninal - BA
Bonito,BA,Bonito - BA
Bonito,MS,Bonito - MS
Bonito,PA,Bonito - PA
Bonito,PE,Bonito - PE
Bonito de Minas,MG,Bonito de Minas - MG
Bonito de Santa Fé,PB,Bonito de Santa Fé - PB
Bonópolis,GO,Bonópolis - GO
Boqueirão,PB,Boqueirão - PB
Boqueirão do Leão,RS,Boqueirão do Leão - RS
Boqueirão do Piauí,PI,Boqueirão do Piauí - PI
Boquim,SE,Boquim - SE
Boquira,BA,Boquira - BA
Boracéia,SP,Boracéia - SP
Borba,AM,Borba - AM
Borborema,PB,Borborema - PB
Borborema,SP,Borborema - SP
Borda da Mata,MG,Borda da Mata - MG
Borebi,SP,Borebi - SP
Borrazópolis,PR,Borrazópolis - PR
Borá,SP,Borá - SP
Bossoroca,RS,Bossoroca - RS
Botelhos,MG,Botelhos - MG
Botucatu,SP,Botucatu - SP
Botumirim,MG,Botumirim - MG
Botuporã,BA,Botuporã - BA
Botuverá,SC,Botuverá - SC
Bozano,RS,Bozano - RS
Braga,RS,Braga - RS
Braganey,PR,Braganey - PR
Bragança,PA,Bragança - PA
Bragança Paulista,SP,Bragança Paulista - SP
Branquinha,AL,Branquinha - AL
Brasil Novo,PA,Brasil Novo - PA
Brasileira,PI,Brasileira - PI
Brasilândia,MS,Brasilândia - MS
Brasilândia de Minas,MG,Brasilândia de Minas - MG
Brasilândia do Sul,PR,Brasilândia do Sul - PR
Brasilândia do Tocantins,TO,Brasilândia do Tocantins - TO
Brasiléia,AC,Brasiléia - AC
Brasnorte,MT,Brasnorte - MT
Brasília,DF,Brasília - DF
Brasília de Minas,MG,Brasília de Minas - MG
Brazabrantes,GO,Brazabrantes - GO
Brazópolis,MG,Brazópolis - MG
Braço do Norte,SC,Braço do Norte - SC
Braço do Trombudo,SC,Braço do Trombudo - SC
Braúna,SP,Braúna - SP
Braúnas,MG,Braúnas - MG
Brejetuba,ES,Brejetuba - ES
Brejinho,PE,Brejinho - PE
Brejinho,RN,Brejinho - RN
Brejinho de Nazaré,TO,Brejinho de Nazaré - TO
Brejo,MA,Brejo - MA
Brejo Alegre,SP,Brejo Alegre - SP
Brejo da Madre de Deus,PE,Brejo da Madre de Deus - PE
Brejo de Areia,MA,Brejo de Areia - MA
Brejo do Cruz,PB,Brejo do Cruz - PB
Brejo do Piauí,PI,Brejo do Piauí - PI
Brejo dos Santos,PB,Brejo dos Santos - PB
Brejo Grande,SE,Brejo Grande - SE
Brejo Grande do Araguaia,PA,Brejo Grande do Araguaia - PA
Brejo Santo,CE,Brejo Santo - CE
Brejolândia,BA,Brejolândia - BA
Brejão,PE,Brejão - PE
Brejões,BA,Brejões - BA
Breu Branco,PA,Breu Branco - PA
Breves,PA,Breves - PA
Britânia,GO,Britânia - GO
Brochier,RS,Brochier - RS
Brodowski,SP,Brodowski - SP
Brotas,SP,Brotas - SP
Brotas de Macaúbas,BA,Brotas de Macaúbas - BA
Brumadinho,MG,Brumadinho - MG
Brumado,BA,Brumado - BA
Brunópolis,SC,Brunópolis - SC
Brusque,SC,Brusque - SC
Brás Pires,MG,Brás Pires - MG
Bueno Brandão,MG,Bueno Brandão - MG
Buenos Aires,PE,Buenos Aires - PE
Buenópolis,MG,Buenópolis - MG
Buerarema,BA,Buerarema - BA
Bugre,MG,Bugre - MG
Bujari,AC,Bujari - AC
Bujaru,PA,Bujaru - PA
Buri,SP,Buri - SP
Buritama,SP,Buritama - SP
Buriti,MA,Buriti - MA
Buriti Alegre,GO,Buriti Alegre - GO
Buriti Bravo,MA,Buriti Bravo - MA
Buriti de Goiás,GO,Buriti de Goiás - GO
Buriti do Tocantins,TO,Buriti do Tocantins - TO
Buriti dos Lopes,PI,Buriti dos Lopes - PI
Buriti dos Montes,PI,Buriti dos Montes - PI
Buriticupu,MA,Buriticupu - MA
Buritinópolis,GO,Buritinópolis - GO
Buritirama,BA,Buritirama - BA
Buritirana,MA,Buritirana - MA
Buritis,MG,Buritis - MG
Buritis,RO,Buritis - RO
Buritizal,SP,Buritizal - SP
Buritizeiro,MG,Buritizeiro - MG
Butiá,RS,Butiá - RS
Buíque,PE,Buíque - PE
Bálsamo,SP,Bálsamo - SP
Caapiranga,AM,Caapiranga - AM
Caaporã,PB,Caaporã - PB
Caarapó,MS,Caarapó - MS
Caatiba,BA,Caatiba - BA
Cabaceiras,PB,Cabaceiras - PB
Cabaceiras do Paraguaçu,BA,Cabaceiras do Paraguaçu - BA
Cabeceira Grande,MG,Cabeceira Grande - MG
Cabeceiras,GO,Cabeceiras - GO
Cabeceiras do Piauí,PI,Cabeceiras do Piauí - PI
Cabedelo,PB,Cabedelo - PB
Cabixi,RO,Cabixi - RO
Cabo de Santo Agostinho,PE,Cabo de Santo Agostinho - PE
Cabo Frio,RJ,Cabo Frio - RJ
Cabo Verde,MG,Cabo Verde - MG
Cabreúva,SP,Cabreúva - SP
Cabrobó,PE,Cabrobó - PE
Cabrália Paulista,SP,Cabrália Paulista - SP
Cacaulândia,RO,Cacaulândia - RO
Cacequi,RS,Cacequi - RS
Cachoeira,BA,Cachoeira - BA
Cachoeira Alta,GO,Cachoeira Alta - GO
Cachoeira da Prata,MG,Cachoeira da Prata - MG
Cachoeira de Goiás,GO,Cachoeira de Goiás - GO
Cachoeira de Minas,MG,Cachoeira de Minas - MG
Cachoeira de Pajeú,MG,Cachoeira de Pajeú - MG
Cachoeira do Arari,PA,Cachoeira do Arari - PA
Cachoeira do Piriá,PA,Cachoeira do Piriá - PA
Cachoeira do Sul,RS,Cachoeira do Sul - RS
Cachoeira dos Índios,PB,Cachoeira dos Índios - PB
Cachoeira Dourada,GO,Cachoeira Dourada - GO
Cachoeira Dourada,MG,Cachoeira Dourada - MG
Cachoeira Grande,MA,Cachoeira Grande - MA
Cachoeira Paulista,SP,Cachoeira Paulista - SP
Cachoeiras de Macacu,RJ,Cachoeiras de Macacu - RJ
Cachoeirinha,PE,Cachoeirinha - PE
Cachoeirinha,RS,Cachoeirinha - RS
Cachoeirinha,TO,Cachoeirinha - TO
Cachoeiro de Itapemirim,ES,Cachoeiro de Itapemirim - ES
Cacimba de Areia,PB,Cacimba de Areia - PB
Cacimba de Dentro,PB,Cacimba de Dentro - PB
Cacimbas,PB,Cacimbas - PB
Cacimbinhas,AL,Cacimbinhas - AL
Cacique Doble,RS,Cacique Doble - RS
Cacoal,RO,Cacoal - RO
Caconde,SP,Caconde - SP
Caculé,BA,Caculé - BA
Caetanos,BA,Caetanos - BA
Caetanópolis,MG,Caetanópolis - MG
Caetité,BA,Caetité - BA
Caeté,MG,Caeté - MG
Caetés,PE,Caetés - PE
Cafarnaum,BA,Cafarnaum - BA
Cafeara,PR,Cafeara - PR
Cafelândia,PR,Cafelândia - PR
Cafelândia,SP,Cafelândia - SP
Cafezal do Sul,PR,Cafezal do Sul - PR
Caiabu,SP,Caiabu - SP
Caiana,MG,Caiana - MG
Caiapônia,GO,Caiapônia - GO
Caibaté,RS,Caibaté - RS
Caibi,SC,Caibi - SC
Caicó,RN,Caicó - RN
Caieiras,SP,Caieiras - SP
Cairu,BA,Cairu - BA
Caiuá,SP,Caiuá - SP
Caiçara,PB,Caiçara - PB
Caiçara,RS,Caiçara - RS
Caiçara do Norte,RN,Caiçara do Norte - RN
Caiçara do Rio do Vento,RN,Caiçara do Rio do Vento - RN
Cajamar,SP,Cajamar - SP
Cajapió,MA,Cajapió - MA
Cajari,MA,Cajari - MA
Cajati,SP,Cajati - SP
Cajazeiras,PB,Cajazeiras - PB
Cajazeiras do Piauí,PI,Cajazeiras do Piauí - PI
Cajazeirinhas,PB,Cajazeirinhas - PB
Cajobi,SP,Cajobi - SP
Cajueiro,AL,Cajueiro - AL
Cajueiro da Praia,PI,Cajueiro da Praia - PI
Cajuri,MG,Cajuri - MG
Cajuru,SP,Cajuru - SP
Caldas,MG,Caldas - MG
Caldas Brandão,PB,Caldas Brandão - PB
Caldas Novas,GO,Caldas Novas - GO
Caldazinha,GO,Caldazinha - GO
Caldeirão Grande,BA,Caldeirão Grande - BA
Caldeirão Grande do Piauí,PI,Caldeirão Grande do Piauí - PI
Califórnia,PR,Califórnia - PR
Calmon,SC,Calmon - SC
Calumbi,PE,Calumbi - PE
Calçado,PE,Calçado - PE
Calçoene,AP,Calçoene - AP
Camacan,BA,Camacan - BA
Camacho,MG,Camacho - MG
Camalaú,PB,Camalaú - PB
Camamu,BA,Camamu - BA
Camanducaia,MG,Camanducaia - MG
Camapuã,MS,Camapuã - MS
Camaquã,RS,Camaquã - RS
Camaragibe,PE,Camaragibe - PE
Camargo,RS,Camargo - RS
Camaçari,BA,Camaçari - BA
Cambará,PR,Cambará - PR
Cambará do Sul,RS,Cambará do Sul - RS
Cambira,PR,Cambira - PR
Camboriú,SC,Camboriú - SC
Cambuci,RJ,Cambuci - RJ
Cambuquira,MG,Cambuquira - MG
Cambuí,MG,Cambuí - MG
Cambé,PR,Cambé - PR
Cametá,PA,Cametá - PA
Camocim,CE,Camocim - CE
Camocim de São Félix,PE,Camocim de São Félix - PE
Campanha,MG,Campanha - MG
Campanário,MG,Campanário - MG
Campestre,AL,Campestre - AL
Campestre,MG,Campestre - MG
Campestre da Serra,RS,Campestre da Serra - RS
Campestre de Goiás,GO,Campestre de Goiás - GO
Campestre do Maranhão,MA,Campestre do Maranhão - MA
Campina da Lagoa,PR,Campina da Lagoa - PR
Campina das Missões,RS,Campina das Missões - RS
Campina do Monte Alegre,SP,Campina do Monte Alegre - SP
Campina do Simão,PR,Campina do Simão - PR
Campina Grande,PB,Campina Grande - PB
Campina Grande do Sul,PR,Campina Grande do Sul - PR
Campina Verde,MG,Campina Verde - MG
Campinas,SP,Campinas - SP
Campinas do Piauí,PI,Campinas do Piauí - PI
Campinas do Sul,RS,Campinas do Sul - RS
Campinaçu,GO,Campinaçu - GO
Campinorte,GO,Campinorte - GO
Campinápolis,MT,Campinápolis - MT
Campo Alegre,AL,Campo Alegre - AL
Campo Alegre,SC,Campo Alegre - SC
Campo Alegre de Goiás,GO,Campo Alegre de Goiás - GO
Campo Alegre de Lourdes,BA,Campo Alegre de Lourdes - BA
Campo Alegre do Fidalgo,PI,Campo Alegre do Fidalgo - PI
Campo Azul,MG,Campo Azul - MG
Campo Belo,MG,Campo Belo - MG
Campo Belo do Sul,SC,Campo Belo do Sul - SC
Campo Bom,RS,Campo Bom - RS
Campo Bonito,PR,Campo Bonito - PR
Campo do Brito,SE,Campo do Brito - SE
Campo do Meio,MG,Campo do Meio - MG
Campo do Tenente,PR,Campo do Tenente - PR
Campo Erê,SC,Campo Erê - SC
Campo Florido,MG,Campo Florido - MG
Campo Formoso,BA,Campo Formoso - BA
Campo Grande,AL,Campo Grande - AL
Campo Grande,MS,Campo Grande - MS
Campo Grande,RN,Campo Grande - RN
Campo Grande do Piauí,PI,Campo Grande do Piauí - PI
Campo Largo,PR,Campo Largo - PR
Campo Largo do Piauí,PI,Campo Largo do Piauí - PI
Campo Limpo de Goiás,GO,Campo Limpo de Goiás - GO
Campo Limpo Paulista,SP,Campo Limpo Paulista - SP
Campo Magro,PR,Campo Magro - PR
Campo Maior,PI,Campo Maior - PI
Campo Mourão,PR,Campo Mourão - PR
Campo Novo,RS,Campo Novo - RS
Campo Novo de Rondônia,RO,Campo Novo de Rondônia - RO
Campo Novo do Parecis,MT,Campo Novo do Parecis - MT
Campo Redondo,RN,Campo Redondo - RN
Campo Verde,MT,Campo Verde - MT
Campos Altos,MG,Campos Altos - MG
Campos Belos,GO,Campos Belos - GO
Campos Borges,RS,Campos Borges - RS
Campos de Júlio,MT,Campos de Júlio - MT
Campos do Jordão,SP,Campos do Jordão - SP
Campos dos Goytacazes,RJ,Campos dos Goytacazes - RJ
Campos Gerais,MG,Campos Gerais - MG
Campos Lindos,TO,Campos Lindos - TO
Campos Novos,SC,Campos Novos - SC
Campos Novos Paulista,SP,Campos Novos Paulista - SP
Campos Sales,CE,Campos Sales - CE
Campos Verdes,GO,Campos Verdes - GO
Camutanga,PE,Camutanga - PE
Cana Verde,MG,Cana Verde - MG
Canabrava do Norte,MT,Canabrava do Norte - MT
Cananéia,SP,Cananéia - SP
Canapi,AL,Canapi - AL
Canarana,BA,Canarana - BA
Canarana,MT,Canarana - MT
Canas,SP,Canas - SP
Canavieira,PI,Canavieira - PI
Canavieiras,BA,Canavieiras - BA
Canaã,MG,Canaã - MG
Canaã dos Carajás,PA,Canaã dos Carajás - PA
Candeal,BA,Candeal - BA
Candeias,BA,Candeias - BA
Candeias,MG,Candeias - MG
Candeias do Jamari,RO,Candeias do Jamari - RO
Candelária,RS,Candelária - RS
Candiba,BA,Candiba - BA
Candiota,RS,Candiota - RS
Candói,PR,Candói - PR
Canela,RS,Canela - RS
Canelinha,SC,Canelinha - SC
Canguaretama,RN,Canguaretama - RN
Canguçu,RS,Canguçu - RS
Canhoba,SE,Canhoba - SE
Canhotinho,PE,Canhotinho - PE
Canindé,CE,Canindé - CE
Canindé de São Francisco,SE,Canindé de São Francisco - SE
Canitar,SP,Canitar - SP
Canoas,RS,Canoas - RS
Canoinhas,SC,Canoinhas - SC
Cansanção,BA,Cansanção - BA
Cantagalo,MG,Cantagalo - MG
Cantagalo,PR,Cantagalo - PR
Cantagalo,RJ,Cantagalo - RJ
Cantanhede,MA,Cantanhede - MA
Canto do Buriti,PI,Canto do Buriti - PI
Cantá,RR,Cantá - RR
Canudos,BA,Canudos - BA
Canudos do Vale,RS,Canudos do Vale - RS
Canutama,AM,Canutama - AM
Canápolis,BA,Canápolis - BA
Canápolis,MG,Canápolis - MG
Capanema,PA,Capanema - PA
Capanema,PR,Capanema - PR
Caparaó,MG,Caparaó - MG
Capela,AL,Capela - AL
Capela,SE,Capela - SE
Capela de Santana,RS,Capela de Santana - RS
Capela do Alto,SP,Capela do Alto - SP
Capela do Alto Alegre,BA,Capela do Alto Alegre - BA
Capela Nova,MG,Capela Nova - MG
Capelinha,MG,Capelinha - MG
Capetinga,MG,Capetinga - MG
Capim,PB,Capim - PB
Capim Branco,MG,Capim Branco - MG
Capim Grosso,BA,Capim Grosso - BA
Capinzal,SC,Capinzal - SC
Capinzal do Norte,MA,Capinzal do Norte - MA
Capinópolis,MG,Capinópolis - MG
Capistrano,CE,Capistrano - CE
Capitão,RS,Capitão - RS
Capitão Andrade,MG,Capitão Andrade - MG
Capitão de Campos,PI,Capitão de Campos - PI
Capitão Enéas,MG,Capitão Enéas - MG
Capitão Gervásio Oliveira,PI,Capitão Gervásio Oliveira - PI
Capitão Leônidas Marques,PR,Capitão Leônidas Marques - PR
Capitão Poço,PA,Capitão Poço - PA
Capitólio,MG,Capitólio - MG
Capivari,SP,Capivari - SP
Capivari de Baixo,SC,Capivari de Baixo - SC
Capivari do Sul,RS,Capivari do Sul - RS
Capixaba,AC,Capixaba - AC
Capoeiras,PE,Capoeiras - PE
Caputira,MG,Caputira - MG
Capão Alto,SC,Capão Alto - SC
Capão Bonito,SP,Capão Bonito - SP
Capão Bonito do Sul,RS,Capão Bonito do Sul - RS
Capão da Canoa,RS,Capão da Canoa - RS
Capão do Cipó,RS,Capão do Cipó - RS
Capão do Leão,RS,Capão do Leão - RS
Caracaraí,RR,Caracaraí - RR
Caracol,MS,Caracol - MS
Caracol,PI,Caracol - PI
Caraguatatuba,SP,Caraguatatuba - SP
Carambeí,PR,Carambeí - PR
Caranaíba,MG,Caranaíba - MG
Carandaí,MG,Carandaí - MG
Carangola,MG,Carangola - MG
Carapebus,RJ,Carapebus - RJ
Carapicuíba,SP,Carapicuíba - SP
Caratinga,MG,Caratinga - MG
Carauari,AM,Carauari - AM
Caravelas,BA,Caravelas - BA
Carazinho,RS,Carazinho - RS
Caraá,RS,Caraá - RS
Caraí,MG,Caraí - MG
Caraíbas,BA,Caraíbas - BA
Caraúbas,PB,Caraúbas - PB
Caraúbas,RN,Caraúbas - RN
Caraúbas do Piauí,PI,Caraúbas do Piauí - PI
Carbonita,MG,Carbonita - MG
Cardeal da Silva,BA,Cardeal da Silva - BA
Cardoso,SP,Cardoso - SP
Cardoso Moreira,RJ,Cardoso Moreira - RJ
Careaçu,MG,Careaçu - MG
Careiro,AM,Careiro - AM
Careiro da Várzea,AM,Careiro da Várzea - AM
Cariacica,ES,Cariacica - ES
Caridade,CE,Caridade - CE
Caridade do Piauí,PI,Caridade do Piauí - PI
Carinhanha,BA,Carinhanha - BA
Carira,SE,Carira - SE
Cariri do Tocantins,TO,Cariri do Tocantins - TO
Caririaçu,CE,Caririaçu - CE
Cariré,CE,Cariré - CE
Cariús,CE,Cariús - CE
Carlinda,MT,Carlinda - MT
Carlos Barbosa,RS,Carlos Barbosa - RS
Carlos Chagas,MG,Carlos Chagas - MG
Carlos Gomes,RS,Carlos Gomes - RS
Carlópolis,PR,Carlópolis - PR
Carmo,RJ,Carmo - RJ
Carmo da Cachoeira,MG,Carmo da Cachoeira - MG
Carmo da Mata,MG,Carmo da Mata - MG
Carmo de Minas,MG,Carmo de Minas - MG
Carmo do Cajuru,MG,Carmo do Cajuru - MG
Carmo do Paranaíba,MG,Carmo do Paranaíba - MG
Carmo do Rio Claro,MG,Carmo do Rio Claro - MG
Carmo do Rio Verde,GO,Carmo do Rio Verde - GO
Carmolândia,TO,Carmolândia - TO
Carmésia,MG,Carmésia - MG
Carmópolis,SE,Carmópolis - SE
Carmópolis de Minas,MG,Carmópolis de Minas - MG
Carnaubais,RN,Carnaubais - RN
Carnaubal,CE,Carnaubal - CE
Carnaubeira da Penha,PE,Carnaubeira da Penha - PE
Carnaíba,PE,Carnaíba - PE
Carnaúba dos Dantas,RN,Carnaúba dos Dantas - RN
Carneirinho,MG,Carneirinho - MG
Carneiros,AL,Carneiros - AL
Caroebe,RR,Caroebe - RR
Carolina,MA,Carolina - MA
Carpina,PE,Carpina - PE
Carrancas,MG,Carrancas - MG
Carrapateira,PB,Carrapateira - PB
Carrasco Bonito,TO,Carrasco Bonito - TO
Caruaru,PE,Caruaru - PE
Carutapera,MA,Carutapera - MA
Carvalhos,MG,Carvalhos - MG
Carvalhópolis,MG,Carvalhópolis - MG
Casa Branca,SP,Casa Branca - SP
Casa Grande,MG,Casa Grande - MG
Casa Nova,BA,Casa Nova - BA
Casca,RS,Casca - RS
Cascalho Rico,MG,Cascalho Rico - MG
Cascavel,CE,Cascavel - CE
Cascavel,PR,Cascavel - PR
Caseara,TO,Caseara - TO
Caseiros,RS,Caseiros - RS
Casimiro de Abreu,RJ,Casimiro de Abreu - RJ
Casinhas,PE,Casinhas - PE
Casserengue,PB,Casserengue - PB
Cassilândia,MS,Cassilândia - MS
Castanhal,PA,Castanhal - PA
Castanheira,MT,Castanheira - MT
Castanheiras,RO,Castanheiras - RO
Castelo,ES,Castelo - ES
Castelo do Piauí,PI,Castelo do Piauí - PI
Castelândia,GO,Castelândia - GO
Castilho,SP,Castilho - SP
Castro,PR,Castro - PR
Castro Alves,BA,Castro Alves - BA
Cataguases,MG,Cataguases - MG
Catalão,GO,Catalão - GO
Catanduva,SP,Catanduva - SP
Catanduvas,PR,Catanduvas - PR
Catanduvas,SC,Catanduvas - SC
Catarina,CE,Catarina - CE
Catas Altas,MG,Catas Altas - MG
Catas Altas da Noruega,MG,Catas Altas da Noruega - MG
Catende,PE,Catende - PE
Catiguá,SP,Catiguá - SP
Catingueira,PB,Catingueira - PB
Catolândia,BA,Catolândia - BA
Catolé do Rocha,PB,Catolé do Rocha - PB
Catu,BA,Catu - BA
Catuji,MG,Catuji - MG
Catunda,CE,Catunda - CE
Caturama,BA,Caturama - BA
Caturaí,GO,Caturaí - GO
Caturité,PB,Caturité - PB
Catuti,MG,Catuti - MG
Catuípe,RS,Catuípe - RS
Caucaia,CE,Caucaia - CE
Cavalcante,GO,Cavalcante - GO
Caxambu,MG,Caxambu - MG
Caxambu do Sul,SC,Caxambu do Sul - SC
Caxias,MA,Caxias - MA
Caxias do Sul,RS,Caxias do Sul - RS
Caxingó,PI,Caxingó - PI
Caçador,SC,Caçador - SC
Caçapava,SP,Caçapava - SP
Caçapava do Sul,RS,Caçapava do Sul - RS
Caçu,GO,Caçu - GO
Caém,BA,Caém - BA
Ceará-Mirim,RN,Ceará-Mirim - RN
Cedral,MA,Cedral - MA
Cedral,SP,Cedral - SP
Cedro,CE,Cedro - CE
Cedro,PE,Cedro - PE
Cedro de São João,SE,Cedro de São João - SE
Cedro do Abaeté,MG,Cedro do Abaeté - MG
Celso Ramos,SC,Celso Ramos - SC
Centenário,RS,Centenário - RS
Centenário,TO,Centenário - TO
Centenário do Sul,PR,Centenário do Sul - PR
Central,BA,Central - BA
Central de Minas,MG,Central de Minas - MG
Central do Maranhão,MA,Central do Maranhão - MA
Centralina,MG,Centralina - MG
Centro do Guilherme,MA,Centro do Guilherme - MA
Centro Novo do Maranhão,MA,Centro Novo do Maranhão - MA
Cerejeiras,RO,Cerejeiras - RO
Ceres,GO,Ceres - GO
Cerqueira César,SP,Cerqueira César - SP
Cerquilho,SP,Cerquilho - SP
Cerrito,RS,Cerrito - RS
Cerro Azul,PR,Cerro Azul - PR
Cerro Branco,RS,Cerro Branco - RS
Cerro Corá,RN,Cerro Corá - RN
Cerro Grande,RS,Cerro Grande - RS
Cerro Grande do Sul,RS,Cerro Grande do Sul - RS
Cerro Largo,RS,Cerro Largo - RS
Cerro Negro,SC,Cerro Negro - SC
Cesário Lange,SP,Cesário Lange - SP
Cezarina,GO,Cezarina - GO
Chalé,MG,Chalé - MG
Chapada,RS,Chapada - RS
Chapada da Natividade,TO,Chapada da Natividade - TO
Chapada de Areia,TO,Chapada de Areia - TO
Chapada do Norte,MG,Chapada do Norte - MG
Chapada dos Guimarães,MT,Chapada dos Guimarães - MT
Chapada Gaúcha,MG,Chapada Gaúcha - MG
Chapadinha,MA,Chapadinha - MA
Chapadão do Céu,GO,Chapadão do Céu - GO
Chapadão do Lageado,SC,Chapadão do Lageado - SC
Chapadão do Sul,MS,Chapadão do Sul - MS
Chapecó,SC,Chapecó - SC
Charqueada,SP,Charqueada - SP
Charqueadas,RS,Charqueadas - RS
Charrua,RS,Charrua - RS
Chaval,CE,Chaval - CE
Chavantes,SP,Chavantes - SP
Chaves,PA,Chaves - PA
Chiador,MG,Chiador - MG
Chiapetta,RS,Chiapetta - RS
Chopinzinho,PR,Chopinzinho - PR
Chorozinho,CE,Chorozinho - CE
Chorrochó,BA,Chorrochó - BA
Choró,CE,Choró - CE
Chupinguaia,RO,Chupinguaia - RO
Chuvisca,RS,Chuvisca - RS
Chuí,RS,Chuí - RS
Chácara,MG,Chácara - MG
Chã de Alegria,PE,Chã de Alegria - PE
Chã Grande,PE,Chã Grande - PE
Chã Preta,AL,Chã Preta - AL
Cianorte,PR,Cianorte - PR
Cidade Gaúcha,PR,Cidade Gaúcha - PR
Cidade Ocidental,GO,Cidade Ocidental - GO
Cidelândia,MA,Cidelândia - MA
Cidreira,RS,Cidreira - RS
Cipotânea,MG,Cipotânea - MG
Cipó,BA,Cipó - BA
Ciríaco,RS,Ciríaco - RS
Claraval,MG,Claraval - MG
Claro dos Poções,MG,Claro dos Poções - MG
Clementina,SP,Clementina - SP
Clevelândia,PR,Clevelândia - PR
Cláudia,MT,Cláudia - MT
Cláudio,MG,Cláudio - MG
Coaraci,BA,Coaraci - BA
Coari,AM,Coari - AM
Cocal,PI,Cocal - PI
Cocal de Telha,PI,Cocal de Telha - PI
Cocal do Sul,SC,Cocal do Sul - SC
Cocal dos Alves,PI,Cocal dos Alves - PI
Cocalinho,MT,Cocalinho - MT
Cocalzinho de Goiás,GO,Cocalzinho de Goiás - GO
Cocos,BA,Cocos - BA
Codajás,AM,Codajás - AM
Codó,MA,Codó - MA
Coelho Neto,MA,Coelho Neto - MA
Coimbra,MG,Coimbra - MG
Coité do Nóia,AL,Coité do Nóia - AL
Coivaras,PI,Coivaras - PI
Colares,PA,Colares - PA
Colatina,ES,Colatina - ES
Colina,SP,Colina - SP
Colinas,MA,Colinas - MA
Colinas,RS,Colinas - RS
Colinas do Sul,GO,Colinas do Sul - GO
Colinas do Tocantins,TO,Colinas do Tocantins - TO
Colméia,TO,Colméia - TO
Colniza,MT,Colniza - MT
Colombo,PR,Colombo - PR
Colorado,PR,Colorado - PR
Colorado,RS,Colorado - RS
Colorado do Oeste,RO,Colorado do Oeste - RO
Coluna,MG,Coluna - MG
Colíder,MT,Colíder - MT
Colômbia,SP,Colômbia - SP
Colônia do Gurguéia,PI,Colônia do Gurguéia - PI
Colônia do Piauí,PI,Colônia do Piauí - PI
Colônia Leopoldina,AL,Colônia Leopoldina - AL
Combinado,TO,Combinado - TO
Comendador Gomes,MG,Comendador Gomes - MG
Comendador Levy Gasparian,RJ,Comendador Levy Gasparian - RJ
Comercinho,MG,Comercinho - MG
Comodoro,MT,Comodoro - MT
Conceição,PB,Conceição - PB
Conceição da Aparecida,MG,Conceição da Aparecida - MG
Conceição da Barra,ES,Conceição da Barra - ES
Conceição da Barra de Minas,MG,Conceição da Barra de Minas - MG
Conceição da Feira,BA,Conceição da Feira - BA
Conceição das Alagoas,MG,Conceição das Alagoas - MG
Conceição das Pedras,MG,Conceição das Pedras - MG
Conceição de Ipanema,MG,Conceição de Ipanema - MG
Conceição de Macabu,RJ,Conceição de Macabu - RJ
Conceição do Almeida,BA,Conceição do Almeida - BA
Conceição do Araguaia,PA,Conceição do Araguaia - PA
Conceição do Canindé,PI,Conceição do Canindé - PI
Conceição do Castelo,ES,Conceição do Castelo - ES
Conceição do Coité,BA,Conceição do Coité - BA
Conceição do Jacuípe,BA,Conceição do Jacuípe - BA
Conceição do Lago-Açu,MA,Conceição do Lago-Açu - MA
Conceição do Mato Dentro,MG,Conceição do Mato Dentro - MG
Conceição do Pará,MG,Conceição do Pará - MG
Conceição do Rio Verde,MG,Conceição do Rio Verde - MG
Conceição do Tocantins,TO,Conceição do Tocantins - TO
Conceição dos Ouros,MG,Conceição dos Ouros - MG
Conchal,SP,Conchal - SP
Conchas,SP,Conchas - SP
Concórdia,SC,Concórdia - SC
Concórdia do Pará,PA,Concórdia do Pará - PA
Condado,PB,Condado - PB
Condado,PE,Condado - PE
Conde,BA,Conde - BA
Conde,PB,Conde - PB
Condeúba,BA,Condeúba - BA
Condor,RS,Condor - RS
Confins,MG,Confins - MG
Confresa,MT,Confresa - MT
Congo,PB,Congo - PB
Congonhal,MG,Congonhal - MG
Congonhas,MG,Congonhas - MG
Congonhas do Norte,MG,Congonhas do Norte - MG
Congonhinhas,PR,Congonhinhas - PR
Conquista,MG,Conquista - MG
Conquista D'Oeste,MT,Conquista D'Oeste - MT
Conselheiro Lafaiete,MG,Conselheiro Lafaiete - MG
Conselheiro Mairinck,PR,Conselheiro Mairinck - PR
Conselheiro Pena,MG,Conselheiro Pena - MG
Consolação,MG,Consolação - MG
Constantina,RS,Constantina - RS
Contagem,MG,Contagem - MG
Contenda,PR,Contenda - PR
Contendas do Sincorá,BA,Contendas do Sincorá - BA
Coqueiral,MG,Coqueiral - MG
Coqueiro Baixo,RS,Coqueiro Baixo - RS
Coqueiro Seco,AL,Coqueiro Seco - AL
Coqueiros do Sul,RS,Coqueiros do Sul - RS
Coração de Jesus,MG,Coração de Jesus - MG
Coração de Maria,BA,Coração de Maria - BA
Corbélia,PR,Corbélia - PR
Cordeiro,RJ,Cordeiro - RJ
Cordeiros,BA,Cordeiros - BA
Cordeirópolis,SP,Cordeirópolis - SP
Cordilheira Alta,SC,Cordilheira Alta - SC
Cordisburgo,MG,Cordisburgo - MG
Cordislândia,MG,Cordislândia - MG
Coreaú,CE,Coreaú - CE
Coremas,PB,Coremas - PB
Corguinho,MS,Corguinho - MS
Coribe,BA,Coribe - BA
Corinto,MG,Corinto - MG
Cornélio Procópio,PR,Cornélio Procópio - PR
Coroaci,MG,Coroaci - MG
Coroados,SP,Coroados - SP
Coroatá,MA,Coroatá - MA
Coromandel,MG,Coromandel - MG
Coronel Barros,RS,Coronel Barros - RS
Coronel Bicaco,RS,Coronel Bicaco - RS
Coronel Domingos Soares,PR,Coronel Domingos Soares - PR
Coronel Ezequiel,RN,Coronel Ezequiel - RN
Coronel Fabriciano,MG,Coronel Fabriciano - MG
Coronel Freitas,SC,Coronel Freitas - SC
Coronel José Dias,PI,Coronel José Dias - PI
Coronel João Pessoa,RN,Coronel João Pessoa - RN
Coronel João Sá,BA,Coronel João Sá - BA
Coronel Macedo,SP,Coronel Macedo - SP
Coronel Martins,SC,Coronel Martins - SC
Coronel Murta,MG,Coronel Murta - MG
Coronel Pacheco,MG,Coronel Pacheco - MG
Coronel Pilar,RS,Coronel Pilar - RS
Coronel Sapucaia,MS,Coronel Sapucaia - MS
Coronel Vivida,PR,Coronel Vivida - PR
Coronel Xavier Chaves,MG,Coronel Xavier Chaves - MG
Correia Pinto,SC,Correia Pinto - SC
Corrente,PI,Corrente - PI
Correntes,PE,Correntes - PE
Correntina,BA,Correntina - BA
Cortês,PE,Cortês - PE
Corumbataí,SP,Corumbataí - SP
Corumbataí do Sul,PR,Corumbataí do Sul - PR
Corumbaíba,GO,Corumbaíba - GO
Corumbiara,RO,Corumbiara - RO
Corumbá,MS,Corumbá - MS
Corumbá de Goiás,GO,Corumbá de Goiás - GO
Corupá,SC,Corupá - SC
Coruripe,AL,Coruripe - AL
Cosmorama,SP,Cosmorama - SP
Cosmópolis,SP,Cosmópolis - SP
Costa Marques,RO,Costa Marques - RO
Costa Rica,MS,Costa Rica - MS
Cotegipe,BA,Cotegipe - BA
Cotia,SP,Cotia - SP
Cotiporã,RS,Cotiporã - RS
Cotriguaçu,MT,Cotriguaçu - MT
Couto de Magalhães de Minas,MG,Couto de Magalhães de Minas - MG
Couto Magalhães,TO,Couto Magalhães - TO
Coxilha,RS,Coxilha - RS
Coxim,MS,Coxim - MS
Coxixola,PB,Coxixola - PB
Crateús,CE,Crateús - CE
Crato,CE,Crato - CE
Cravinhos,SP,Cravinhos - SP
Cravolândia,BA,Cravolândia - BA
Craíbas,AL,Craíbas - AL
Criciúma,SC,Criciúma - SC
Crissiumal,RS,Crissiumal - RS
Cristais,MG,Cristais - MG
Cristais Paulista,SP,Cristais Paulista - SP
Cristal,RS,Cristal - RS
Cristal do Sul,RS,Cristal do Sul - RS
Cristalina,GO,Cristalina - GO
Cristalândia,TO,Cristalândia - TO
Cristalândia do Piauí,PI,Cristalândia do Piauí - PI
Cristiano Otoni,MG,Cristiano Otoni - MG
Cristianópolis,GO,Cristianópolis - GO
Cristina,MG,Cristina - MG
Cristino Castro,PI,Cristino Castro - PI
Cristinápolis,SE,Cristinápolis - SE
Cristália,MG,Cristália - MG
Cristópolis,BA,Cristópolis - BA
Crisólita,MG,Crisólita - MG
Crisópolis,BA,Crisópolis - BA
Crixás,GO,Crixás - GO
Crixás do Tocantins,TO,Crixás do Tocantins - TO
Croatá,CE,Croatá - CE
Cromínia,GO,Cromínia - GO
Crucilândia,MG,Crucilândia - MG
Cruz,CE,Cruz - CE
Cruz Alta,RS,Cruz Alta - RS
Cruz das Almas,BA,Cruz das Almas - BA
Cruz do Espírito Santo,PB,Cruz do Espírito Santo - PB
Cruz Machado,PR,Cruz Machado - PR
Cruzaltense,RS,Cruzaltense - RS
Cruzeiro,SP,Cruzeiro - SP
Cruzeiro da Fortaleza,MG,Cruzeiro da Fortaleza - MG
Cruzeiro do Iguaçu,PR,Cruzeiro do Iguaçu - PR
Cruzeiro do Oeste,PR,Cruzeiro do Oeste - PR
Cruzeiro do Sul,AC,Cruzeiro do Sul - AC
Cruzeiro do Sul,PR,Cruzeiro do Sul - PR
Cruzeiro do Sul,RS,Cruzeiro do Sul - RS
Cruzeta,RN,Cruzeta - RN
Cruzmaltina,PR,Cruzmaltina - PR
Cruzália,SP,Cruzália - SP
Cruzília,MG,Cruzília - MG
Cubati,PB,Cubati - PB
Cubatão,SP,Cubatão - SP
Cuiabá,MT,Cuiabá - MT
Cuitegi,PB,Cuitegi - PB
Cuité,PB,Cuité - PB
Cuité de Mamanguape,PB,Cuité de Mamanguape - PB
Cujubim,RO,Cujubim - RO
Cumari,GO,Cumari - GO
Cumaru,PE,Cumaru - PE
Cumaru do Norte,PA,Cumaru do Norte - PA
Cumbe,SE,Cumbe - SE
Cunha,SP,Cunha - SP
Cunha Porã,SC,Cunha Porã - SC
Cunhataí,SC,Cunhataí - SC
Cuparaque,MG,Cuparaque - MG
Cupira,PE,Cupira - PE
Curaçá,BA,Curaçá - BA
Curimatá,PI,Curimatá - PI
Curionópolis,PA,Curionópolis - PA
Curitiba,PR,Curitiba - PR
Curitibanos,SC,Curitibanos - SC
Curiúva,PR,Curiúva - PR
Currais,PI,Currais - PI
Currais Novos,RN,Currais Novos - RN
Curral de Cima,PB,Curral de Cima - PB
Curral de Dentro,MG,Curral de Dentro - MG
Curral Novo do Piauí,PI,Curral Novo do Piauí - PI
Curral Velho,PB,Curral Velho - PB
Curralinho,PA,Curralinho - PA
Curralinhos,PI,Curralinhos - PI
Cururupu,MA,Cururupu - MA
Curuá,PA,Curuá - PA
Curuçá,PA,Curuçá - PA
Curvelo,MG,Curvelo - MG
Curvelândia,MT,Curvelândia - MT
Custódia,PE,Custódia - PE
Cutias,AP,Cutias - AP
Cáceres,MT,Cáceres - MT
Cássia,MG,Cássia - MG
Cássia dos Coqueiros,SP,Cássia dos Coqueiros - SP
Cândido de Abreu,PR,Cândido de Abreu - PR
Cândido Godói,RS,Cândido Godói - RS
Cândido Mendes,MA,Cândido Mendes - MA
Cândido Mota,SP,Cândido Mota - SP
Cândido Rodrigues,SP,Cândido Rodrigues - SP
Cândido Sales,BA,Cândido Sales - BA
Céu Azul,PR,Céu Azul - PR
Cícero Dantas,BA,Cícero Dantas - BA
Córrego Danta,MG,Córrego Danta - MG
Córrego do Bom Jesus,MG,Córrego do Bom Jesus - MG
Córrego do Ouro,GO,Córrego do Ouro - GO
Córrego Fundo,MG,Córrego Fundo - MG
Córrego Novo,MG,Córrego Novo - MG
Cônego Marinho,MG,Cônego Marinho - MG
Damianópolis,GO,Damianópolis - GO
Damião,PB,Damião - PB
Damolândia,GO,Damolândia - GO
Darcinópolis,TO,Darcinópolis - TO
Datas,MG,Datas - MG
David Canabarro,RS,David Canabarro - RS
Davinópolis,GO,Davinópolis - GO
Davinópolis,MA,Davinópolis - MA
Delfim Moreira,MG,Delfim Moreira - MG
Delfinópolis,MG,Delfinópolis - MG
Delmiro Gouveia,AL,Delmiro Gouveia - AL
Delta,MG,Delta - MG
Demerval Lobão,PI,Demerval Lobão - PI
Denise,MT,Denise - MT
Deodápolis,MS,Deodápolis - MS
Deputado Irapuan Pinheiro,CE,Deputado Irapuan Pinheiro - CE
Derrubadas,RS,Derrubadas - RS
Descalvado,SP,Descalvado - SP
Descanso,SC,Descanso - SC
Descoberto,MG,Descoberto - MG
Desterro,PB,Desterro - PB
Desterro de Entre Rios,MG,Desterro de Entre Rios - MG
Desterro do Melo,MG,Desterro do Melo - MG
Dezesseis de Novembro,RS,Dezesseis de Novembro - RS
Diadema,SP,Diadema - SP
Diamante,PB,Diamante - PB
Diamante D'Oeste,PR,Diamante D'Oeste - PR
Diamante do Norte,PR,Diamante do Norte - PR
Diamante do Sul,PR,Diamante do Sul - PR
Diamantina,MG,Diamantina - MG
Diamantino,MT,Diamantino - MT
Dianópolis,TO,Dianópolis - TO
Dias d'Ávila,BA,Dias d'Ávila - BA
Dilermando de Aguiar,RS,Dilermando de Aguiar - RS
Diogo de Vasconcelos,MG,Diogo de Vasconcelos - MG
Dionísio,MG,Dionísio - MG
Dionísio Cerqueira,SC,Dionísio Cerqueira - SC
Diorama,GO,Diorama - GO
Dirce Reis,SP,Dirce Reis - SP
Dirceu Arcoverde,PI,Dirceu Arcoverde - PI
Divina Pastora,SE,Divina Pastora - SE
Divino,MG,Divino - MG
Divino das Laranjeiras,MG,Divino das Laranjeiras - MG
Divino de São Lourenço,ES,Divino de São Lourenço - ES
Divinolândia,SP,Divinolândia - SP
Divinolândia de Minas,MG,Divinolândia de Minas - MG
Divinésia,MG,Divinésia - MG
Divinópolis,MG,Divinópolis - MG
Divinópolis de Goiás,GO,Divinópolis de Goiás - GO
Divinópolis do Tocantins,TO,Divinópolis do Tocantins - TO
Divisa Alegre,MG,Divisa Alegre - MG
Divisa Nova,MG,Divisa Nova - MG
Divisópolis,MG,Divisópolis - MG
Dobrada,SP,Dobrada - SP
Dois Córregos,SP,Dois Córregos - SP
Dois Irmãos,RS,Dois Irmãos - RS
Dois Irmãos das Missões,RS,Dois Irmãos das Missões - RS
Dois Irmãos do Buriti,MS,Dois Irmãos do Buriti - MS
Dois Irmãos do Tocantins,TO,Dois Irmãos do Tocantins - TO
Dois Lajeados,RS,Dois Lajeados - RS
Dois Riachos,AL,Dois Riachos - AL
Dois Vizinhos,PR,Dois Vizinhos - PR
Dolcinópolis,SP,Dolcinópolis - SP
Dom Aquino,MT,Dom Aquino - MT
Dom Basílio,BA,Dom Basílio - BA
Dom Bosco,MG,Dom Bosco - MG
Dom Cavati,MG,Dom Cavati - MG
Dom Eliseu,PA,Dom Eliseu - PA
Dom Expedito Lopes,PI,Dom Expedito Lopes - PI
Dom Feliciano,RS,Dom Feliciano - RS
Dom Inocêncio,PI,Dom Inocêncio - PI
Dom Joaquim,MG,Dom Joaquim - MG
Dom Macedo Costa,BA,Dom Macedo Costa - BA
Dom Pedrito,RS,Dom Pedrito - RS
Dom Pedro,MA,Dom Pedro - MA
Dom Pedro de Alcântara,RS,Dom Pedro de Alcântara - RS
Dom Silvério,MG,Dom Silvério - MG
Dom Viçoso,MG,Dom Viçoso - MG
Domingos Martins,ES,Domingos Martins - ES
Domingos Mourão,PI,Domingos Mourão - PI
Dona Emma,SC,Dona Emma - SC
Dona Euzébia,MG,Dona Euzébia - MG
Dona Francisca,RS,Dona Francisca - RS
Dona Inês,PB,Dona Inês - PB
Dores de Campos,MG,Dores de Campos - MG
Dores de Guanhães,MG,Dores de Guanhães - MG
Dores do Indaiá,MG,Dores do Indaiá - MG
Dores do Rio Preto,ES,Dores do Rio Preto - ES
Dores do Turvo,MG,Dores do Turvo - MG
Doresópolis,MG,Doresópolis - MG
Dormentes,PE,Dormentes - PE
Douradina,MS,Douradina - MS
Douradina,PR,Douradina - PR
Dourado,SP,Dourado - SP
Douradoquara,MG,Douradoquara - MG
Dourados,MS,Dourados - MS
Doutor Camargo,PR,Doutor Camargo - PR
Doutor Maurício Cardoso,RS,Doutor Maurício Cardoso - RS
Doutor Pedrinho,SC,Doutor Pedrinho - SC
Doutor Ricardo,RS,Doutor Ricardo - RS
Doutor Severiano,RN,Doutor Severiano - RN
Doutor Ulysses,PR,Doutor Ulysses - PR
Doverlândia,GO,Doverlândia - GO
Dracena,SP,Dracena - SP
Duartina,SP,Duartina - SP
Duas Barras,RJ,Duas Barras - RJ
Duas Estradas,PB,Duas Estradas - PB
Dueré,TO,Dueré - TO
Dumont,SP,Dumont - SP
Duque Bacelar,MA,Duque Bacelar - MA
Duque de Caxias,RJ,Duque de Caxias - RJ
Durandé,MG,Durandé - MG
Dário Meira,BA,Dário Meira - BA
Echaporã,SP,Echaporã - SP
Ecoporanga,ES,Ecoporanga - ES
Edealina,GO,Edealina - GO
Edéia,GO,Edéia - GO
Eirunepé,AM,Eirunepé - AM
Eldorado,MS,Eldorado - MS
Eldorado,SP,Eldorado - SP
Eldorado do Carajás,PA,Eldorado do Carajás - PA
Eldorado do Sul,RS,Eldorado do Sul - RS
Elesbão Veloso,PI,Elesbão Veloso - PI
Elias Fausto,SP,Elias Fausto - SP
Eliseu Martins,PI,Eliseu Martins - PI
Elisiário,SP,Elisiário - SP
Elísio Medrado,BA,Elísio Medrado - BA
Elói Mendes,MG,Elói Mendes - MG
Emas,PB,Emas - PB
Embaúba,SP,Embaúba - SP
Embu das Artes,SP,Embu das Artes - SP
Embu-Guaçu,SP,Embu-Guaçu - SP
Emilianópolis,SP,Emilianópolis - SP
Encantado,RS,Encantado - RS
Encanto,RN,Encanto - RN
Encruzilhada,BA,Encruzilhada - BA
Encruzilhada do Sul,RS,Encruzilhada do Sul - RS
Engenheiro Beltrão,PR,Engenheiro Beltrão - PR
Engenheiro Caldas,MG,Engenheiro Caldas - MG
Engenheiro Coelho,SP,Engenheiro Coelho - SP
Engenheiro Navarro,MG,Engenheiro Navarro - MG
Engenheiro Paulo de Frontin,RJ,Engenheiro Paulo de Frontin - RJ
Engenho Velho,RS,Engenho Velho - RS
Entre Folhas,MG,Entre Folhas - MG
Entre Rios,BA,Entre Rios - BA
Entre Rios,SC,Entre Rios - SC
Entre Rios de Minas,MG,Entre Rios de Minas - MG
Entre Rios do Oeste,PR,Entre Rios do Oeste - PR
Entre Rios do Sul,RS,Entre Rios do Sul - RS
Entre-Ijuís,RS,Entre-Ijuís - RS
Envira,AM,Envira - AM
Enéas Marques,PR,Enéas Marques - PR
Epitaciolândia,AC,Epitaciolândia - AC
Equador,RN,Equador - RN
Erebango,RS,Erebango - RS
Erechim,RS,Erechim - RS
Ereré,CE,Ereré - CE
Ermo,SC,Ermo - SC
Ernestina,RS,Ernestina - RS
Erval Grande,RS,Erval Grande - RS
Erval Seco,RS,Erval Seco - RS
Erval Velho,SC,Erval Velho - SC
Ervália,MG,Ervália - MG
Escada,PE,Escada - PE
Esmeralda,RS,Esmeralda - RS
Esmeraldas,MG,Esmeraldas - MG
Espera Feliz,MG,Espera Feliz - MG
Esperantina,PI,Esperantina - PI
Esperantina,TO,Esperantina - TO
Esperantinópolis,MA,Esperantinópolis - MA
Esperança,PB,Esperança - PB
Esperança do Sul,RS,Esperança do Sul - RS
Esperança Nova,PR,Esperança Nova - PR
Espigão Alto do Iguaçu,PR,Espigão Alto do Iguaçu - PR
Espigão D'Oeste,RO,Espigão D'Oeste - RO
Espinosa,MG,Espinosa - MG
Esplanada,BA,Esplanada - BA
Espumoso,RS,Espumoso - RS
Espírito Santo,RN,Espírito Santo - RN
Espírito Santo do Dourado,MG,Espírito Santo do Dourado - MG
Espírito Santo do Pinhal,SP,Espírito Santo do Pinhal - SP
Espírito Santo do Turvo,SP,Espírito Santo do Turvo - SP
Estação,RS,Estação - RS
Esteio,RS,Esteio - RS
Estiva,MG,Estiva - MG
Estiva Gerbi,SP,Estiva Gerbi - SP
Estreito,MA,Estreito - MA
Estrela,RS,Estrela - RS
Estrela d'Oeste,SP,Estrela d'Oeste - SP
Estrela Dalva,MG,Estrela Dalva - MG
Estrela de Alagoas,AL,Estrela de Alagoas - AL
Estrela do Indaiá,MG,Estrela do Indaiá - MG
Estrela do Norte,GO,Estrela do Norte - GO
Estrela do Norte,SP,Estrela do Norte - SP
Estrela do Sul,MG,Estrela do Sul - MG
Estrela Velha,RS,Estrela Velha - RS
Estância,SE,Estância - SE
Estância Velha,RS,Estância Velha - RS
Euclides da Cunha,BA,Euclides da Cunha - BA
Euclides da Cunha Paulista,SP,Euclides da Cunha Paulista - SP
Eugenópolis,MG,Eugenópolis - MG
Eugênio de Castro,RS,Eugênio de Castro - RS
Eunápolis,BA,Eunápolis - BA
Eusébio,CE,Eusébio - CE
Ewbank da Câmara,MG,Ewbank da Câmara - MG
Extrema,MG,Extrema - MG
Extremoz,RN,Extremoz - RN
Exu,PE,Exu - PE
Fagundes,PB,Fagundes - PB
Fagundes Varela,RS,Fagundes Varela - RS
Faina,GO,Faina - GO
Fama,MG,Fama - MG
Faria Lemos,MG,Faria Lemos - MG
Farias Brito,CE,Farias Brito - CE
Faro,PA,Faro - PA
Farol,PR,Farol - PR
Farroupilha,RS,Farroupilha - RS
Fartura,SP,Fartura - SP
Fartura do Piauí,PI,Fartura do Piauí - PI
Faxinal,PR,Faxinal - PR
Faxinal do Soturno,RS,Faxinal do Soturno - RS
Faxinal dos Guedes,SC,Faxinal dos Guedes - SC
Faxinalzinho,RS,Faxinalzinho - RS
Fazenda Nova,GO,Fazenda Nova - GO
Fazenda Rio Grande,PR,Fazenda Rio Grande - PR
Fazenda Vilanova,RS,Fazenda Vilanova - RS
Feijó,AC,Feijó - AC
Feira da Mata,BA,Feira da Mata - BA
Feira de Santana,BA,Feira de Santana - BA
Feira Grande,AL,Feira Grande - AL
Feira Nova,PE,Feira Nova - PE
Feira Nova,SE,Feira Nova - SE
Feira Nova do Maranhão,MA,Feira Nova do Maranhão - MA
Felipe Guerra,RN,Felipe Guerra - RN
Felisburgo,MG,Felisburgo - MG
Felixlândia,MG,Felixlândia - MG
Feliz,RS,Feliz - RS
Feliz Deserto,AL,Feliz Deserto - AL
Feliz Natal,MT,Feliz Natal - MT
Felício dos Santos,MG,Felício dos Santos - MG
Fernandes Pinheiro,PR,Fernandes Pinheiro - PR
Fernandes Tourinho,MG,Fernandes Tourinho - MG
Fernando de Noronha,PE,Fernando de Noronha - PE
Fernando Falcão,MA,Fernando Falcão - MA
Fernando Pedroza,RN,Fernando Pedroza - RN
Fernando Prestes,SP,Fernando Prestes - SP
Fernandópolis,SP,Fernandópolis - SP
Fernão,SP,Fernão - SP
Ferraz de Vasconcelos,SP,Ferraz de Vasconcelos - SP
Ferreira Gomes,AP,Ferreira Gomes - AP
Ferreiros,PE,Ferreiros - PE
Ferros,MG,Ferros - MG
Fervedouro,MG,Fervedouro - MG
Figueira,PR,Figueira - PR
Figueirão,MS,Figueirão - MS
Figueirópolis,TO,Figueirópolis - TO
Figueirópolis D'Oeste,MT,Figueirópolis D'Oeste - MT
Filadélfia,BA,Filadélfia - BA
Filadélfia,TO,Filadélfia - TO
Firmino Alves,BA,Firmino Alves - BA
Firminópolis,GO,Firminópolis - GO
Flexeiras,AL,Flexeiras - AL
Flor da Serra do Sul,PR,Flor da Serra do Sul - PR
Flor do Sertão,SC,Flor do Sertão - SC
Flora Rica,SP,Flora Rica - SP
Floraí,PR,Floraí - PR
Floreal,SP,Floreal - SP
Flores,PE,Flores - PE
Flores da Cunha,RS,Flores da Cunha - RS
Flores de Goiás,GO,Flores de Goiás - GO
Flores do Piauí,PI,Flores do Piauí - PI
Floresta,PE,Floresta - PE
Floresta,PR,Floresta - PR
Floresta Azul,BA,Floresta Azul - BA
Floresta do Araguaia,PA,Floresta do Araguaia - PA
Floresta do Piauí,PI,Floresta do Piauí - PI
Florestal,MG,Florestal - MG
Florestópolis,PR,Florestópolis - PR
Floriano,PI,Floriano - PI
Floriano Peixoto,RS,Floriano Peixoto - RS
Florianópolis,SC,Florianópolis - SC
Florânia,RN,Florânia - RN
Florínea,SP,Florínea - SP
Flórida,PR,Flórida - PR
Flórida Paulista,SP,Flórida Paulista - SP
Fonte Boa,AM,Fonte Boa - AM
Fontoura Xavier,RS,Fontoura Xavier - RS
Formiga,MG,Formiga - MG
Formigueiro,RS,Formigueiro - RS
Formosa,GO,Formosa - GO
Formosa da Serra Negra,MA,Formosa da Serra Negra - MA
Formosa do Oeste,PR,Formosa do Oeste - PR
Formosa do Rio Preto,BA,Formosa do Rio Preto - BA
Formosa do Sul,SC,Formosa do Sul - SC
Formoso,GO,Formoso - GO
Formoso,MG,Formoso - MG
Formoso do Araguaia,TO,Formoso do Araguaia - TO
Forquetinha,RS,Forquetinha - RS
Forquilha,CE,Forquilha - CE
Forquilhinha,SC,Forquilhinha - SC
Fortaleza,CE,Fortaleza - CE
Fortaleza de Minas,MG,Fortaleza de Minas - MG
Fortaleza dos Nogueiras,MA,Fortaleza dos Nogueiras - MA
Fortaleza dos Valos,RS,Fortaleza dos Valos - RS
Fortim,CE,Fortim - CE
Fortuna,MA,Fortuna - MA
Fortuna de Minas,MG,Fortuna de Minas - MG
Foz do Iguaçu,PR,Foz do Iguaçu - PR
Foz do Jordão,PR,Foz do Jordão - PR
Fraiburgo,SC,Fraiburgo - SC
Franca,SP,Franca - SP
Francinópolis,PI,Francinópolis - PI
Francisco Alves,PR,Francisco Alves - PR
Francisco Ayres,PI,Francisco Ayres - PI
Francisco Badaró,MG,Francisco Badaró - MG
Francisco Beltrão,PR,Francisco Beltrão - PR
Francisco Dantas,RN,Francisco Dantas - RN
Francisco Dumont,MG,Francisco Dumont - MG
Francisco Macedo,PI,Francisco Macedo - PI
Francisco Morato,SP,Francisco Morato - SP
Francisco Santos,PI,Francisco Santos - PI
Francisco Sá,MG,Francisco Sá - MG
Franciscópolis,MG,Franciscópolis - MG
Franco da Rocha,SP,Franco da Rocha - SP
Frecheirinha,CE,Frecheirinha - CE
Frederico Westphalen,RS,Frederico Westphalen - RS
Frei Gaspar,MG,Frei Gaspar - MG
Frei Inocêncio,MG,Frei Inocêncio - MG
Frei Lagonegro,MG,Frei Lagonegro - MG
Frei Martinho,PB,Frei Martinho - PB
Frei Miguelinho,PE,Frei Miguelinho - PE
Frei Paulo,SE,Frei Paulo - SE
Frei Rogério,SC,Frei Rogério - SC
Fronteira,MG,Fronteira - MG
Fronteira dos Vales,MG,Fronteira dos Vales - MG
Fronteiras,PI,Fronteiras - PI
Fruta de Leite,MG,Fruta de Leite - MG
Frutal,MG,Frutal - MG
Frutuoso Gomes,RN,Frutuoso Gomes - RN
Fundão,ES,Fundão - ES
Funilândia,MG,Funilândia - MG
Fátima,BA,Fátima - BA
Fátima,TO,Fátima - TO
Fátima do Sul,MS,Fátima do Sul - MS
Fênix,PR,Fênix - PR
Gabriel Monteiro,SP,Gabriel Monteiro - SP
Gado Bravo,PB,Gado Bravo - PB
Galiléia,MG,Galiléia - MG
Galinhos,RN,Galinhos - RN
Galvão,SC,Galvão - SC
Gameleira,PE,Gameleira - PE
Gameleira de Goiás,GO,Gameleira de Goiás - GO
Gameleiras,MG,Gameleiras - MG
Gandu,BA,Gandu - BA
Garanhuns,PE,Garanhuns - PE
Gararu,SE,Gararu - SE
Garibaldi,RS,Garibaldi - RS
Garopaba,SC,Garopaba - SC
Garrafão do Norte,PA,Garrafão do Norte - PA
Garruchos,RS,Garruchos - RS
Garuva,SC,Garuva - SC
Garça,SP,Garça - SP
Gaspar,SC,Gaspar - SC
Gastão Vidigal,SP,Gastão Vidigal - SP
Gaurama,RS,Gaurama - RS
Gavião,BA,Gavião - BA
Gavião Peixoto,SP,Gavião Peixoto - SP
Gaúcha do Norte,MT,Gaúcha do Norte - MT
Geminiano,PI,Geminiano - PI
General Carneiro,MT,General Carneiro - MT
General Carneiro,PR,General Carneiro - PR
General Câmara,RS,General Câmara - RS
General Maynard,SE,General Maynard - SE
General Salgado,SP,General Salgado - SP
General Sampaio,CE,General Sampaio - CE
Gentil,RS,Gentil - RS
Gentio do Ouro,BA,Gentio do Ouro - BA
Getulina,SP,Getulina - SP
Getúlio Vargas,RS,Getúlio Vargas - RS
Gilbués,PI,Gilbués - PI
Girau do Ponciano,AL,Girau do Ponciano - AL
Giruá,RS,Giruá - RS
Glaucilândia,MG,Glaucilândia - MG
Glicério,SP,Glicério - SP
Glorinha,RS,Glorinha - RS
Glória,BA,Glória - BA
Glória D'Oeste,MT,Glória D'Oeste - MT
Glória de Dourados,MS,Glória de Dourados - MS
Glória do Goitá,PE,Glória do Goitá - PE
Godofredo Viana,MA,Godofredo Viana - MA
Godoy Moreira,PR,Godoy Moreira - PR
Goiabeira,MG,Goiabeira - MG
Goiana,PE,Goiana - PE
Goiandira,GO,Goiandira - GO
Goianinha,RN,Goianinha - RN
Goianira,GO,Goianira - GO
Goianorte,TO,Goianorte - TO
Goianá,MG,Goianá - MG
Goianápolis,GO,Goianápolis - GO
Goianésia,GO,Goianésia - GO
Goianésia do Pará,PA,Goianésia do Pará - PA
Goiatins,TO,Goiatins - TO
Goiatuba,GO,Goiatuba - GO
Goioerê,PR,Goioerê - PR
Goioxim,PR,Goioxim - PR
Goiás,GO,Goiás - GO
Goiânia,GO,Goiânia - GO
Gongogi,BA,Gongogi - BA
Gonzaga,MG,Gonzaga - MG
Gonçalves,MG,Gonçalves - MG
Gonçalves Dias,MA,Gonçalves Dias - MA
Gouveia,MG,Gouveia - MG
Gouvelândia,GO,Gouvelândia - GO
Governador Archer,MA,Governador Archer - MA
Governador Celso Ramos,SC,Governador Celso Ramos - SC
Governador Dix-Sept Rosado,RN,Governador Dix-Sept Rosado - RN
Governador Edison Lobão,MA,Governador Edison Lobão - MA
Governador Eugênio Barros,MA,Governador Eugênio Barros - MA
Governador Jorge Teixeira,RO,Governador Jorge Teixeira - RO
Governador Lindenberg,ES,Governador Lindenberg - ES
Governador Luiz Rocha,MA,Governador Luiz Rocha - MA
Governador Mangabeira,BA,Governador Mangabeira - BA
Governador Newton Bello,MA,Governador Newton Bello - MA
Governador Nunes Freire,MA,Governador Nunes Freire - MA
Governador Valadares,MG,Governador Valadares - MG
Graccho Cardoso,SE,Graccho Cardoso - SE
Grajaú,MA,Grajaú - MA
Gramado,RS,Gramado - RS
Gramado dos Loureiros,RS,Gramado dos Loureiros - RS
Gramado Xavier,RS,Gramado Xavier - RS
Grandes Rios,PR,Grandes Rios - PR
Granito,PE,Granito - PE
Granja,CE,Granja - CE
Granjeiro,CE,Granjeiro - CE
Gravatal,SC,Gravatal - SC
Gravataí,RS,Gravataí - RS
Gravatá,PE,Gravatá - PE
Graça,CE,Graça - CE
Graça Aranha,MA,Graça Aranha - MA
Groaíras,CE,Groaíras - CE
Grossos,RN,Grossos - RN
Grupiara,MG,Grupiara - MG
Grão Mogol,MG,Grão Mogol - MG
Grão-Pará,SC,Grão-Pará - SC
Guabiju,RS,Guabiju - RS
Guabiruba,SC,Guabiruba - SC
Guadalupe,PI,Guadalupe - PI
Guaimbê,SP,Guaimbê - SP
Guairaçá,PR,Guairaçá - PR
Guaiçara,SP,Guaiçara - SP
Guaiúba,CE,Guaiúba - CE
Guajará,AM,Guajará - AM
Guajará-Mirim,RO,Guajará-Mirim - RO
Guajeru,BA,Guajeru - BA
Guamaré,RN,Guamaré - RN
Guamiranga,PR,Guamiranga - PR
Guanambi,BA,Guanambi - BA
Guanhães,MG,Guanhães - MG
Guapiara,SP,Guapiara - SP
Guapiaçu,SP,Guapiaçu - SP
Guapimirim,RJ,Guapimirim - RJ
Guapirama,PR,Guapirama - PR
Guaporema,PR,Guaporema - PR
Guaporé,RS,Guaporé - RS
Guapé,MG,Guapé - MG
Guapó,GO,Guapó - GO
Guarabira,PB,Guarabira - PB
Guaraci,PR,Guaraci - PR
Guaraci,SP,Guaraci - SP
Guaraciaba,MG,Guaraciaba - MG
Guaraciaba,SC,Guaraciaba - SC
Guaraciaba do Norte,CE,Guaraciaba do Norte - CE
Guaraciama,MG,Guaraciama - MG
Guaramiranga,CE,Guaramiranga - CE
Guaramirim,SC,Guaramirim - SC
Guarani,MG,Guarani - MG
Guarani d'Oeste,SP,Guarani d'Oeste - SP
Guarani das Missões,RS,Guarani das Missões - RS
Guarani de Goiás,GO,Guarani de Goiás - GO
Guaraniaçu,PR,Guaraniaçu - PR
Guarantã,SP,Guarantã - SP
Guarantã do Norte,MT,Guarantã do Norte - MT
Guaranésia,MG,Guaranésia - MG
Guarapari,ES,Guarapari - ES
Guarapuava,PR,Guarapuava - PR
Guaraqueçaba,PR,Guaraqueçaba - PR
Guararapes,SP,Guararapes - SP
Guararema,SP,Guararema - SP
Guarará,MG,Guarará - MG
Guaratinga,BA,Guaratinga - BA
Guaratinguetá,SP,Guaratinguetá - SP
Guaratuba,PR,Guaratuba - PR
Guaraçaí,SP,Guaraçaí - SP
Guaraí,TO,Guaraí - TO
Guaraíta,GO,Guaraíta - GO
Guarda-Mor,MG,Guarda-Mor - MG
Guareí,SP,Guareí - SP
Guariba,SP,Guariba - SP
Guaribas,PI,Guaribas - PI
Guarinos,GO,Guarinos - GO
Guarujá,SP,Guarujá - SP
Guarujá do Sul,SC,Guarujá do Sul - SC
Guarulhos,SP,Guarulhos - SP
Guará,SP,Guará - SP
Guatambú,SC,Guatambú - SC
Guatapará,SP,Guatapará - SP
Guaxupé,MG,Guaxupé - MG
Guaçuí,ES,Guaçuí - ES
Guaíba,RS,Guaíba - RS
Guaíra,PR,Guaíra - PR
Guaíra,SP,Guaíra - SP
Guia Lopes da Laguna,MS,Guia Lopes da Laguna - MS
Guidoval,MG,Guidoval - MG
Guimarânia,MG,Guimarânia - MG
Guimarães,MA,Guimarães - MA
Guiratinga,MT,Guiratinga - MT
Guiricema,MG,Guiricema - MG
Gurinhatã,MG,Gurinhatã - MG
Gurinhém,PB,Gurinhém - PB
Gurjão,PB,Gurjão - PB
Gurupi,TO,Gurupi - TO
Gurupá,PA,Gurupá - PA
Guzolândia,SP,Guzolândia - SP
Gália,SP,Gália - SP
Harmonia,RS,Harmonia - RS
Heitoraí,GO,Heitoraí - GO
Heliodora,MG,Heliodora - MG
Heliópolis,BA,Heliópolis - BA
Herculândia,SP,Herculândia - SP
Herval,RS,Herval - RS
Herval d'Oeste,SC,Herval d'Oeste - SC
Herveiras,RS,Herveiras - RS
Hidrolina,GO,Hidrolina - GO
Hidrolândia,CE,Hidrolândia - CE
Hidrolândia,GO,Hidrolândia - GO
Holambra,SP,Holambra - SP
Honório Serpa,PR,Honório Serpa - PR
Horizonte,CE,Horizonte - CE
Horizontina,RS,Horizontina - RS
Hortolândia,SP,Hortolândia - SP
Hugo Napoleão,PI,Hugo Napoleão - PI
Hulha Negra,RS,Hulha Negra - RS
Humaitá,AM,Humaitá - AM
Humaitá,RS,Humaitá - RS
Humberto de Campos,MA,Humberto de Campos - MA
Iacanga,SP,Iacanga - SP
Iaciara,GO,Iaciara - GO
Iacri,SP,Iacri - SP
Iapu,MG,Iapu - MG
Iaras,SP,Iaras - SP
Iati,PE,Iati - PE
Iaçu,BA,Iaçu - BA
Ibaiti,PR,Ibaiti - PR
Ibarama,RS,Ibarama - RS
Ibaretama,CE,Ibaretama - CE
Ibateguara,AL,Ibateguara - AL
Ibatiba,ES,Ibatiba - ES
Ibaté,SP,Ibaté - SP
Ibema,PR,Ibema - PR
Ibertioga,MG,Ibertioga - MG
Ibiam,SC,Ibiam - SC
Ibiapina,CE,Ibiapina - CE
Ibiara,PB,Ibiara - PB
Ibiassucê,BA,Ibiassucê - BA
Ibiaçá,RS,Ibiaçá - RS
Ibiaí,MG,Ibiaí - MG
Ibicaraí,BA,Ibicaraí - BA
Ibicaré,SC,Ibicaré - SC
Ibicoara,BA,Ibicoara - BA
Ibicuitinga,CE,Ibicuitinga - CE
Ibicuí,BA,Ibicuí - BA
Ibimirim,PE,Ibimirim - PE
Ibipeba,BA,Ibipeba - BA
Ibipitanga,BA,Ibipitanga - BA
Ibiporã,PR,Ibiporã - PR
Ibiquera,BA,Ibiquera - BA
Ibiracatu,MG,Ibiracatu - MG
Ibiraci,MG,Ibiraci - MG
Ibiraiaras,RS,Ibiraiaras - RS
Ibirajuba,PE,Ibirajuba - PE
Ibirama,SC,Ibirama - SC
Ibirapitanga,BA,Ibirapitanga - BA
Ibirapuitã,RS,Ibirapuitã - RS
Ibirapuã,BA,Ibirapuã - BA
Ibirarema,SP,Ibirarema - SP
Ibirataia,BA,Ibirataia - BA
Ibiraçu,ES,Ibiraçu - ES
Ibirité,MG,Ibirité - MG
Ibirubá,RS,Ibirubá - RS
Ibirá,SP,Ibirá - SP
Ibitiara,BA,Ibitiara - BA
Ibitinga,SP,Ibitinga - SP
Ibitirama,ES,Ibitirama - ES
Ibititá,BA,Ibititá - BA
Ibitiúra de Minas,MG,Ibitiúra de Minas - MG
Ibituruna,MG,Ibituruna - MG
Ibiá,MG,Ibiá - MG
Ibiúna,SP,Ibiúna - SP
Ibotirama,BA,Ibotirama - BA
Icapuí,CE,Icapuí - CE
Icaraí de Minas,MG,Icaraí de Minas - MG
Icaraíma,PR,Icaraíma - PR
Icatu,MA,Icatu - MA
Ichu,BA,Ichu - BA
Iconha,ES,Iconha - ES
Icém,SP,Icém - SP
Icó,CE,Icó - CE
Ielmo Marinho,RN,Ielmo Marinho - RN
Iepê,SP,Iepê - SP
Igaci,AL,Igaci - AL
Igaporã,BA,Igaporã - BA
Igaracy,PB,Igaracy - PB
Igarapava,SP,Igarapava - SP
Igarapé,MG,Igarapé - MG
Igarapé do Meio,MA,Igarapé do Meio - MA
Igarapé Grande,MA,Igarapé Grande - MA
Igarapé-Açu,PA,Igarapé-Açu - PA
Igarapé-Miri,PA,Igarapé-Miri - PA
Igarassu,PE,Igarassu - PE
Igaratinga,MG,Igaratinga - MG
Igaratá,SP,Igaratá - SP
Igaraçu do Tietê,SP,Igaraçu do Tietê - SP
Igrapiúna,BA,Igrapiúna - BA
Igreja Nova,AL,Igreja Nova - AL
Igrejinha,RS,Igrejinha - RS
Iguaba Grande,RJ,Iguaba Grande - RJ
Iguape,SP,Iguape - SP
Iguaracy,PE,Iguaracy - PE
Iguaraçu,PR,Iguaraçu - PR
Iguatama,MG,Iguatama - MG
Iguatemi,MS,Iguatemi - MS
Iguatu,CE,Iguatu - CE
Iguatu,PR,Iguatu - PR
Iguaí,BA,Iguaí - BA
Ijaci,MG,Ijaci - MG
Ijuí,RS,Ijuí - RS
Ilha Comprida,SP,Ilha Comprida - SP
Ilha das Flores,SE,Ilha das Flores - SE
Ilha de Itamaracá,PE,Ilha de Itamaracá - PE
Ilha Grande,PI,Ilha Grande - PI
Ilha Solteira,SP,Ilha Solteira - SP
Ilhabela,SP,Ilhabela - SP
Ilhota,SC,Ilhota - SC
Ilhéus,BA,Ilhéus - BA
Ilicínea,MG,Ilicínea - MG
Ilópolis,RS,Ilópolis - RS
Imaculada,PB,Imaculada - PB
Imaruí,SC,Imaruí - SC
Imbaú,PR,Imbaú - PR
Imbituba,SC,Imbituba - SC
Imbituva,PR,Imbituva - PR
Imbuia,SC,Imbuia - SC
Imbé,RS,Imbé - RS
Imbé de Minas,MG,Imbé de Minas - MG
Imigrante,RS,Imigrante - RS
Imperatriz,MA,Imperatriz - MA
Inaciolândia,GO,Inaciolândia - GO
Inajá,PE,Inajá - PE
Inajá,PR,Inajá - PR
Inconfidentes,MG,Inconfidentes - MG
Indaiabira,MG,Indaiabira - MG
Indaial,SC,Indaial - SC
Indaiatuba,SP,Indaiatuba - SP
Independência,CE,Independência - CE
Independência,RS,Independência - RS
Indiana,SP,Indiana - SP
Indianópolis,MG,Indianópolis - MG
Indianópolis,PR,Indianópolis - PR
Indiaporã,SP,Indiaporã - SP
Indiara,GO,Indiara - GO
Indiaroba,SE,Indiaroba - SE
Indiavaí,MT,Indiavaí - MT
Ingazeira,PE,Ingazeira - PE
Ingaí,MG,Ingaí - MG
Ingá,PB,Ingá - PB
Inhacorá,RS,Inhacorá - RS
Inhambupe,BA,Inhambupe - BA
Inhangapi,PA,Inhangapi - PA
Inhapi,AL,Inhapi - AL
Inhapim,MG,Inhapim - MG
Inhaúma,MG,Inhaúma - MG
Inhuma,PI,Inhuma - PI
Inhumas,GO,Inhumas - GO
Inimutaba,MG,Inimutaba - MG
Inocência,MS,Inocência - MS
Inácio Martins,PR,Inácio Martins - PR
Inúbia Paulista,SP,Inúbia Paulista - SP
Iomerê,SC,Iomerê - SC
Ipaba,MG,Ipaba - MG
Ipameri,GO,Ipameri - GO
Ipanema,MG,Ipanema - MG
Ipanguaçu,RN,Ipanguaçu - RN
Ipaporanga,CE,Ipaporanga - CE
Ipatinga,MG,Ipatinga - MG
Ipaumirim,CE,Ipaumirim - CE
Ipaussu,SP,Ipaussu - SP
Ipecaetá,BA,Ipecaetá - BA
Iperó,SP,Iperó - SP
Ipeúna,SP,Ipeúna - SP
Ipiaçu,MG,Ipiaçu - MG
Ipiaú,BA,Ipiaú - BA
Ipiguá,SP,Ipiguá - SP
Ipira,SC,Ipira - SC
Ipiranga,PR,Ipiranga - PR
Ipiranga de Goiás,GO,Ipiranga de Goiás - GO
Ipiranga do Norte,MT,Ipiranga do Norte - MT
Ipiranga do Piauí,PI,Ipiranga do Piauí - PI
Ipiranga do Sul,RS,Ipiranga do Sul - RS
Ipirá,BA,Ipirá - BA
Ipixuna,AM,Ipixuna - AM
Ipixuna do Pará,PA,Ipixuna do Pará - PA
Ipojuca,PE,Ipojuca - PE
Iporanga,SP,Iporanga - SP
Iporá,GO,Iporá - GO
Iporã,PR,Iporã - PR
Iporã do Oeste,SC,Iporã do Oeste - SC
Ipu,CE,Ipu - CE
Ipuaçu,SC,Ipuaçu - SC
Ipubi,PE,Ipubi - PE
Ipueira,RN,Ipueira - RN
Ipueiras,CE,Ipueiras - CE
Ipueiras,TO,Ipueiras - TO
Ipuiúna,MG,Ipuiúna - MG
Ipumirim,SC,Ipumirim - SC
Ipupiara,BA,Ipupiara - BA
Ipuã,SP,Ipuã - SP
Ipê,RS,Ipê - RS
Iracema,CE,Iracema - CE
Iracema,RR,Iracema - RR
Iracema do Oeste,PR,Iracema do Oeste - PR
Iraceminha,SC,Iraceminha - SC
Iracemápolis,SP,Iracemápolis - SP
Irajuba,BA,Irajuba - BA
Iramaia,BA,Iramaia - BA
Iranduba,AM,Iranduba - AM
Irani,SC,Irani - SC
Irapuru,SP,Irapuru - SP
Irapuã,SP,Irapuã - SP
Iraquara,BA,Iraquara - BA
Irará,BA,Irará - BA
Irati,PR,Irati - PR
Irati,SC,Irati - SC
Irauçuba,CE,Irauçuba - CE
Iraí,RS,Iraí - RS
Iraí de Minas,MG,Iraí de Minas - MG
Irecê,BA,Irecê - BA
Iretama,PR,Iretama - PR
Irineópolis,SC,Irineópolis - SC
Irituia,PA,Irituia - PA
Irupi,ES,Irupi - ES
Isaías Coelho,PI,Isaías Coelho - PI
Israelândia,GO,Israelândia - GO
Itaara,RS,Itaara - RS
Itabaiana,PB,Itabaiana - PB
Itabaiana,SE,Itabaiana - SE
Itabaianinha,SE,Itabaianinha - SE
Itabela,BA,Itabela - BA
Itaberaba,BA,Itaberaba - BA
Itaberaí,GO,Itaberaí - GO
Itaberá,SP,Itaberá - SP
Itabi,SE,Itabi - SE
Itabira,MG,Itabira - MG
Itabirinha,MG,Itabirinha - MG
Itabirito,MG,Itabirito - MG
Itaboraí,RJ,Itaboraí - RJ
Itabuna,BA,Itabuna - BA
Itacajá,TO,Itacajá - TO
Itacambira,MG,Itacambira - MG
Itacarambi,MG,Itacarambi - MG
Itacaré,BA,Itacaré - BA
Itacoatiara,AM,Itacoatiara - AM
Itacuruba,PE,Itacuruba - PE
Itacurubi,RS,Itacurubi - RS
Itaeté,BA,Itaeté - BA
Itagi,BA,Itagi - BA
Itagibá,BA,Itagibá - BA
Itagimirim,BA,Itagimirim - BA
Itaguajé,PR,Itaguajé - PR
Itaguara,MG,Itaguara - MG
Itaguari,GO,Itaguari - GO
Itaguaru,GO,Itaguaru - GO
Itaguatins,TO,Itaguatins - TO
Itaguaçu,ES,Itaguaçu - ES
Itaguaçu da Bahia,BA,Itaguaçu da Bahia - BA
Itaguaí,RJ,Itaguaí - RJ
Itainópolis,PI,Itainópolis - PI
Itaipava do Grajaú,MA,Itaipava do Grajaú - MA
Itaipulândia,PR,Itaipulândia - PR
Itaipé,MG,Itaipé - MG
Itaitinga,CE,Itaitinga - CE
Itaituba,PA,Itaituba - PA
Itaiçaba,CE,Itaiçaba - CE
Itaiópolis,SC,Itaiópolis - SC
Itajaí,SC,Itajaí - SC
Itajobi,SP,Itajobi - SP
Itaju,SP,Itaju - SP
Itaju do Colônia,BA,Itaju do Colônia - BA
Itajubá,MG,Itajubá - MG
Itajuípe,BA,Itajuípe - BA
Itajá,GO,Itajá - GO
Itajá,RN,Itajá - RN
Italva,RJ,Italva - RJ
Itamaraju,BA,Itamaraju - BA
Itamarandiba,MG,Itamarandiba - MG
Itamarati,AM,Itamarati - AM
Itamarati de Minas,MG,Itamarati de Minas - MG
Itamari,BA,Itamari - BA
Itambacuri,MG,Itambacuri - MG
Itambaracá,PR,Itambaracá - PR
Itambé,BA,Itambé - BA
Itambé,PE,Itambé - PE
Itambé,PR,Itambé - PR
Itambé do Mato Dentro,MG,Itambé do Mato Dentro - MG
Itamogi,MG,Itamogi - MG
Itamonte,MG,Itamonte - MG
Itanagra,BA,Itanagra - BA
Itanhandu,MG,Itanhandu - MG
Itanhangá,MT,Itanhangá - MT
Itanhaém,SP,Itanhaém - SP
Itanhomi,MG,Itanhomi - MG
Itanhém,BA,Itanhém - BA
Itaobim,MG,Itaobim - MG
Itaoca,SP,Itaoca - SP
Itaocara,RJ,Itaocara - RJ
Itapaci,GO,Itapaci - GO
Itapagipe,MG,Itapagipe - MG
Itapajé,CE,Itapajé - CE
Itaparica,BA,Itaparica - BA
Itapebi,BA,Itapebi - BA
Itapecerica,MG,Itapecerica - MG
Itapecerica da Serra,SP,Itapecerica da Serra - SP
Itapecuru Mirim,MA,Itapecuru Mirim - MA
Itapejara d'Oeste,PR,Itapejara d'Oeste - PR
Itapema,SC,Itapema - SC
Itapemirim,ES,Itapemirim - ES
Itaperuna,RJ,Itaperuna - RJ
Itaperuçu,PR,Itaperuçu - PR
Itapetim,PE,Itapetim - PE
Itapetinga,BA,Itapetinga - BA
Itapetininga,SP,Itapetininga - SP
Itapeva,MG,Itapeva - MG
Itapeva,SP,Itapeva - SP
Itapevi,SP,Itapevi - SP
Itapicuru,BA,Itapicuru - BA
Itapipoca,CE,Itapipoca - CE
Itapira,SP,Itapira - SP
Itapiranga,AM,Itapiranga - AM
Itapiranga,SC,Itapiranga - SC
Itapirapuã,GO,Itapirapuã - GO
Itapirapuã Paulista,SP,Itapirapuã Paulista - SP
Itapiratins,TO,Itapiratins - TO
Itapissuma,PE,Itapissuma - PE
Itapitanga,BA,Itapitanga - BA
Itapiúna,CE,Itapiúna - CE
Itaporanga,PB,Itaporanga - PB
Itaporanga,SP,Itaporanga - SP
Itaporanga d'Ajuda,SE,Itaporanga d'Ajuda - SE
Itapororoca,PB,Itapororoca - PB
Itaporã,MS,Itaporã - MS
Itaporã do Tocantins,TO,Itaporã do Tocantins - TO
Itapoá,SC,Itapoá - SC
Itapuca,RS,Itapuca - RS
Itapura,SP,Itapura - SP
Itapuranga,GO,Itapuranga - GO
Itapuã do Oeste,RO,Itapuã do Oeste - RO
Itapuí,SP,Itapuí - SP
Itapé,BA,Itapé - BA
Itaquaquecetuba,SP,Itaquaquecetuba - SP
Itaquara,BA,Itaquara - BA
Itaqui,RS,Itaqui - RS
Itaquiraí,MS,Itaquiraí - MS
Itaquitinga,PE,Itaquitinga - PE
Itarana,ES,Itarana - ES
Itarantim,BA,Itarantim - BA
Itararé,SP,Itararé - SP
Itarema,CE,Itarema - CE
Itariri,SP,Itariri - SP
Itarumã,GO,Itarumã - GO
Itati,RS,Itati - RS
Itatiaia,RJ,Itatiaia - RJ
Itatiaiuçu,MG,Itatiaiuçu - MG
Itatiba,SP,Itatiba - SP
Itatiba do Sul,RS,Itatiba do Sul - RS
Itatim,BA,Itatim - BA
Itatinga,SP,Itatinga - SP
Itatira,CE,Itatira - CE
Itatuba,PB,Itatuba - PB
Itaubal,AP,Itaubal - AP
Itaueira,PI,Itaueira - PI
Itauçu,GO,Itauçu - GO
Itaverava,MG,Itaverava - MG
Itaí,SP,Itaí - SP
Itaíba,PE,Itaíba - PE
Itaú,RN,Itaú - RN
Itaú de Minas,MG,Itaú de Minas - MG
Itaúba,MT,Itaúba - MT
Itaúna,MG,Itaúna - MG
Itaúna do Sul,PR,Itaúna do Sul - PR
Itinga,MG,Itinga - MG
Itinga do Maranhão,MA,Itinga do Maranhão - MA
Itiquira,MT,Itiquira - MT
Itirapina,SP,Itirapina - SP
Itirapuã,SP,Itirapuã - SP
Itiruçu,BA,Itiruçu - BA
Itiúba,BA,Itiúba - BA
Itobi,SP,Itobi - SP
Itororó,BA,Itororó - BA
Itu,SP,Itu - SP
Ituaçu,BA,Ituaçu - BA
Ituberá,BA,Ituberá - BA
Itueta,MG,Itueta - MG
Ituiutaba,MG,Ituiutaba - MG
Itumbiara,GO,Itumbiara - GO
Itumirim,MG,Itumirim - MG
Itupeva,SP,Itupeva - SP
Itupiranga,PA,Itupiranga - PA
Ituporanga,SC,Ituporanga - SC
Iturama,MG,Iturama - MG
Itutinga,MG,Itutinga - MG
Ituverava,SP,Ituverava - SP
Itá,SC,Itá - SC
Itápolis,SP,Itápolis - SP
Iuiu,BA,Iuiu - BA
Ivaiporã,PR,Ivaiporã - PR
Ivatuba,PR,Ivatuba - PR
Ivaté,PR,Ivaté - PR
Ivaí,PR,Ivaí - PR
Ivinhema,MS,Ivinhema - MS
Ivolândia,GO,Ivolândia - GO
Ivorá,RS,Ivorá - RS
Ivoti,RS,Ivoti - RS
Içara,SC,Içara - SC
Iúna,ES,Iúna - ES
Jaboatão dos Guararapes,PE,Jaboatão dos Guararapes - PE
Jaborandi,BA,Jaborandi - BA
Jaborandi,SP,Jaborandi - SP
Jaborá,SC,Jaborá - SC
Jaboti,PR,Jaboti - PR
Jaboticaba,RS,Jaboticaba - RS
Jaboticabal,SP,Jaboticabal - SP
Jaboticatubas,MG,Jaboticatubas - MG
Jacaraci,BA,Jacaraci - BA
Jacaraú,PB,Jacaraú - PB
Jacareacanga,PA,Jacareacanga - PA
Jacarezinho,PR,Jacarezinho - PR
Jacareí,SP,Jacareí - SP
Jacaré dos Homens,AL,Jacaré dos Homens - AL
Jaci,SP,Jaci - SP
Jaciara,MT,Jaciara - MT
Jacinto,MG,Jacinto - MG
Jacinto Machado,SC,Jacinto Machado - SC
Jacobina,BA,Jacobina - BA
Jacobina do Piauí,PI,Jacobina do Piauí - PI
Jacuizinho,RS,Jacuizinho - RS
Jacundá,PA,Jacundá - PA
Jacupiranga,SP,Jacupiranga - SP
Jacutinga,MG,Jacutinga - MG
Jacutinga,RS,Jacutinga - RS
Jacuí,MG,Jacuí - MG
Jacuípe,AL,Jacuípe - AL
Jaguapitã,PR,Jaguapitã - PR
Jaguaquara,BA,Jaguaquara - BA
Jaguarari,BA,Jaguarari - BA
Jaguaraçu,MG,Jaguaraçu - MG
Jaguaretama,CE,Jaguaretama - CE
Jaguari,RS,Jaguari - RS
Jaguariaíva,PR,Jaguariaíva - PR
Jaguaribara,CE,Jaguaribara - CE
Jaguaribe,CE,Jaguaribe - CE
Jaguaripe,BA,Jaguaripe - BA
Jaguariúna,SP,Jaguariúna - SP
Jaguaruana,CE,Jaguaruana - CE
Jaguaruna,SC,Jaguaruna - SC
Jaguarão,RS,Jaguarão - RS
Jaguaré,ES,Jaguaré - ES
Jaicós,PI,Jaicós - PI
Jales,SP,Jales - SP
Jambeiro,SP,Jambeiro - SP
Jampruca,MG,Jampruca - MG
Janaúba,MG,Janaúba - MG
Jandaia,GO,Jandaia - GO
Jandaia do Sul,PR,Jandaia do Sul - PR
Jandaíra,BA,Jandaíra - BA
Jandaíra,RN,Jandaíra - RN
Jandira,SP,Jandira - SP
Janduís,RN,Janduís - RN
Jangada,MT,Jangada - MT
Janiópolis,PR,Janiópolis - PR
Januária,MG,Januária - MG
Januário Cicco,RN,Januário Cicco - RN
Japaratinga,AL,Japaratinga - AL
Japaratuba,SE,Japaratuba - SE
Japaraíba,MG,Japaraíba - MG
Japeri,RJ,Japeri - RJ
Japi,RN,Japi - RN
Japira,PR,Japira - PR
Japoatã,SE,Japoatã - SE
Japonvar,MG,Japonvar - MG
Japorã,MS,Japorã - MS
Japurá,AM,Japurá - AM
Japurá,PR,Japurá - PR
Jaqueira,PE,Jaqueira - PE
Jaquirana,RS,Jaquirana - RS
Jaraguari,MS,Jaraguari - MS
Jaraguá,GO,Jaraguá - GO
Jaraguá do Sul,SC,Jaraguá do Sul - SC
Jaramataia,AL,Jaramataia - AL
Jardim,CE,Jardim - CE
Jardim,MS,Jardim - MS
Jardim Alegre,PR,Jardim Alegre - PR
Jardim de Angicos,RN,Jardim de Angicos - RN
Jardim de Piranhas,RN,Jardim de Piranhas - RN
Jardim do Mulato,PI,Jardim do Mulato - PI
Jardim do Seridó,RN,Jardim do Seridó - RN
Jardim Olinda,PR,Jardim Olinda - PR
Jardinópolis,SC,Jardinópolis - SC
Jardinópolis,SP,Jardinópolis - SP
Jari,RS,Jari - RS
Jarinu,SP,Jarinu - SP
Jaru,RO,Jaru - RO
Jataizinho,PR,Jataizinho - PR
Jataí,GO,Jataí - GO
Jataúba,PE,Jataúba - PE
Jateí,MS,Jateí - MS
Jati,CE,Jati - CE
Jatobá,MA,Jatobá - MA
Jatobá,PE,Jatobá - PE
Jatobá do Piauí,PI,Jatobá do Piauí - PI
Jaupaci,GO,Jaupaci - GO
Jauru,MT,Jauru - MT
Jaçanã,RN,Jaçanã - RN
Jaíba,MG,Jaíba - MG
Jaú,SP,Jaú - SP
Jaú do Tocantins,TO,Jaú do Tocantins - TO
Jeceaba,MG,Jeceaba - MG
Jenipapo de Minas,MG,Jenipapo de Minas - MG
Jenipapo dos Vieiras,MA,Jenipapo dos Vieiras - MA
Jequeri,MG,Jequeri - MG
Jequitaí,MG,Jequitaí - MG
Jequitibá,MG,Jequitibá - MG
Jequitinhonha,MG,Jequitinhonha - MG
Jequiá da Praia,AL,Jequiá da Praia - AL
Jequié,BA,Jequié - BA
Jeremoabo,BA,Jeremoabo - BA
Jericó,PB,Jericó - PB
Jeriquara,SP,Jeriquara - SP
Jerumenha,PI,Jerumenha - PI
Jerônimo Monteiro,ES,Jerônimo Monteiro - ES
Jesuânia,MG,Jesuânia - MG
Jesuítas,PR,Jesuítas - PR
Jesúpolis,GO,Jesúpolis - GO
Ji-Paraná,RO,Ji-Paraná - RO
Jijoca de Jericoacoara,CE,Jijoca de Jericoacoara - CE
Jiquiriçá,BA,Jiquiriçá - BA
Jitaúna,BA,Jitaúna - BA
Joanésia,MG,Joanésia - MG
Joanópolis,SP,Joanópolis - SP
Joaquim Felício,MG,Joaquim Felício - MG
Joaquim Gomes,AL,Joaquim Gomes - AL
Joaquim Nabuco,PE,Joaquim Nabuco - PE
Joaquim Pires,PI,Joaquim Pires - PI
Joaquim Távora,PR,Joaquim Távora - PR
Joaçaba,SC,Joaçaba - SC
Joaíma,MG,Joaíma - MG
Joca Claudino,PB,Joca Claudino - PB
Joca Marques,PI,Joca Marques - PI
Joinville,SC,Joinville - SC
Jordânia,MG,Jordânia - MG
Jordão,AC,Jordão - AC
Joselândia,MA,Joselândia - MA
Josenópolis,MG,Josenópolis - MG
José Boiteux,SC,José Boiteux - SC
José Bonifácio,SP,José Bonifácio - SP
José da Penha,RN,José da Penha - RN
José de Freitas,PI,José de Freitas - PI
José Gonçalves de Minas,MG,José Gonçalves de Minas - MG
José Raydan,MG,José Raydan - MG
Joviânia,GO,Joviânia - GO
João Alfredo,PE,João Alfredo - PE
João Costa,PI,João Costa - PI
João Câmara,RN,João Câmara - RN
João Dias,RN,João Dias - RN
João Dourado,BA,João Dourado - BA
João Lisboa,MA,João Lisboa - MA
João Monlevade,MG,João Monlevade - MG
João Neiva,ES,João Neiva - ES
João Pessoa,PB,João Pessoa - PB
João Pinheiro,MG,João Pinheiro - MG
João Ramalho,SP,João Ramalho - SP
Juara,MT,Juara - MT
Juarez Távora,PB,Juarez Távora - PB
Juarina,TO,Juarina - TO
Juatuba,MG,Juatuba - MG
Juazeirinho,PB,Juazeirinho - PB
Juazeiro,BA,Juazeiro - BA
Juazeiro do Norte,CE,Juazeiro do Norte - CE
Juazeiro do Piauí,PI,Juazeiro do Piauí - PI
Jucati,PE,Jucati - PE
Jucurutu,RN,Jucurutu - RN
Jucuruçu,BA,Jucuruçu - BA
Jucás,CE,Jucás - CE
Juiz de Fora,MG,Juiz de Fora - MG
Jumirim,SP,Jumirim - SP
Junco do Maranhão,MA,Junco do Maranhão - MA
Junco do Seridó,PB,Junco do Seridó - PB
Jundiaí,SP,Jundiaí - SP
Jundiaí do Sul,PR,Jundiaí do Sul - PR
Jundiá,AL,Jundiá - AL
Jundiá,RN,Jundiá - RN
Junqueiro,AL,Junqueiro - AL
Junqueirópolis,SP,Junqueirópolis - SP
Jupi,PE,Jupi - PE
Jupiá,SC,Jupiá - SC
Juquitiba,SP,Juquitiba - SP
Juquiá,SP,Juquiá - SP
Juramento,MG,Juramento - MG
Juranda,PR,Juranda - PR
Jurema,PE,Jurema - PE
Jurema,PI,Jurema - PI
Juripiranga,PB,Juripiranga - PB
Juru,PB,Juru - PB
Juruaia,MG,Juruaia - MG
Juruena,MT,Juruena - MT
Juruti,PA,Juruti - PA
Juruá,AM,Juruá - AM
Juscimeira,MT,Juscimeira - MT
Jussara,BA,Jussara - BA
Jussara,GO,Jussara - GO
Jussara,PR,Jussara - PR
Jussari,BA,Jussari - BA
Jussiape,BA,Jussiape - BA
Jutaí,AM,Jutaí - AM
Juti,MS,Juti - MS
Juvenília,MG,Juvenília - MG
Juína,MT,Juína - MT
Jóia,RS,Jóia - RS
Júlio Borges,PI,Júlio Borges - PI
Júlio de Castilhos,RS,Júlio de Castilhos - RS
Júlio Mesquita,SP,Júlio Mesquita - SP
Kaloré,PR,Kaloré - PR
Lacerdópolis,SC,Lacerdópolis - SC
Ladainha,MG,Ladainha - MG
Ladário,MS,Ladário - MS
Lafaiete Coutinho,BA,Lafaiete Coutinho - BA
Lagamar,MG,Lagamar - MG
Lagarto,SE,Lagarto - SE
Lages,SC,Lages - SC
Lago da Pedra,MA,Lago da Pedra - MA
Lago do Junco,MA,Lago do Junco - MA
Lago dos Rodrigues,MA,Lago dos Rodrigues - MA
Lago Verde,MA,Lago Verde - MA
Lagoa,PB,Lagoa - PB
Lagoa Alegre,PI,Lagoa Alegre - PI
Lagoa Bonita do Sul,RS,Lagoa Bonita do Sul - RS
Lagoa d'Anta,RN,Lagoa d'Anta - RN
Lagoa da Canoa,AL,Lagoa da Canoa - AL
Lagoa da Confusão,TO,Lagoa da Confusão - TO
Lagoa da Prata,MG,Lagoa da Prata - MG
Lagoa de Dentro,PB,Lagoa de Dentro - PB
Lagoa de Itaenga,PE,Lagoa de Itaenga - PE
Lagoa de Pedras,RN,Lagoa de Pedras - RN
Lagoa de São Francisco,PI,Lagoa de São Francisco - PI
Lagoa de Velhos,RN,Lagoa de Velhos - RN
Lagoa do Barro do Piauí,PI,Lagoa do Barro do Piauí - PI
Lagoa do Carro,PE,Lagoa do Carro - PE
Lagoa do Mato,MA,Lagoa do Mato - MA
Lagoa do Ouro,PE,Lagoa do Ouro - PE
Lagoa do Piauí,PI,Lagoa do Piauí - PI
Lagoa do Sítio,PI,Lagoa do Sítio - PI
Lagoa do Tocantins,TO,Lagoa do Tocantins - TO
Lagoa dos Gatos,PE,Lagoa dos Gatos - PE
Lagoa dos Patos,MG,Lagoa dos Patos - MG
Lagoa dos Três Cantos,RS,Lagoa dos Três Cantos - RS
Lagoa Dourada,MG,Lagoa Dourada - MG
Lagoa Formosa,MG,Lagoa Formosa - MG
Lagoa Grande,MG,Lagoa Grande - MG
Lagoa Grande,PE,Lagoa Grande - PE
Lagoa Grande do Maranhão,MA,Lagoa Grande do Maranhão - MA
Lagoa Nova,RN,Lagoa Nova - RN
Lagoa Real,BA,Lagoa Real - BA
Lagoa Salgada,RN,Lagoa Salgada - RN
Lagoa Santa,GO,Lagoa Santa - GO
Lagoa Santa,MG,Lagoa Santa - MG
Lagoa Seca,PB,Lagoa Seca - PB
Lagoa Vermelha,RS,Lagoa Vermelha - RS
Lagoinha,SP,Lagoinha - SP
Lagoinha do Piauí,PI,Lagoinha do Piauí - PI
Lagoão,RS,Lagoão - RS
Laguna,SC,Laguna - SC
Laguna Carapã,MS,Laguna Carapã - MS
Laje,BA,Laje - BA
Laje do Muriaé,RJ,Laje do Muriaé - RJ
Lajeado,RS,Lajeado - RS
Lajeado,TO,Lajeado - TO
Lajeado do Bugre,RS,Lajeado do Bugre - RS
Lajeado Grande,SC,Lajeado Grande - SC
Lajeado Novo,MA,Lajeado Novo - MA
Lajedinho,BA,Lajedinho - BA
Lajedo,PE,Lajedo - PE
Lajedo do Tabocal,BA,Lajedo do Tabocal - BA
Lajedão,BA,Lajedão - BA
Lajes,RN,Lajes - RN
Lajes Pintadas,RN,Lajes Pintadas - RN
Lajinha,MG,Lajinha - MG
Lamarão,BA,Lamarão - BA
Lambari,MG,Lambari - MG
Lambari D'Oeste,MT,Lambari D'Oeste - MT
Lamim,MG,Lamim - MG
Landri Sales,PI,Landri Sales - PI
Lapa,PR,Lapa - PR
Lapão,BA,Lapão - BA
Laranja da Terra,ES,Laranja da Terra - ES
Laranjal,MG,Laranjal - MG
Laranjal,PR,Laranjal - PR
Laranjal do Jari,AP,Laranjal do Jari - AP
Laranjal Paulista,SP,Laranjal Paulista - SP
Laranjeiras,SE,Laranjeiras - SE
Laranjeiras do Sul,PR,Laranjeiras do Sul - PR
Lassance,MG,Lassance - MG
Lastro,PB,Lastro - PB
Laurentino,SC,Laurentino - SC
Lauro de Freitas,BA,Lauro de Freitas - BA
Lauro Müller,SC,Lauro Müller - SC
Lavandeira,TO,Lavandeira - TO
Lavras,MG,Lavras - MG
Lavras da Mangabeira,CE,Lavras da Mangabeira - CE
Lavras do Sul,RS,Lavras do Sul - RS
Lavrinhas,SP,Lavrinhas - SP
Lavínia,SP,Lavínia - SP
Leandro Ferreira,MG,Leandro Ferreira - MG
Lebon Régis,SC,Lebon Régis - SC
Leme,SP,Leme - SP
Leme do Prado,MG,Leme do Prado - MG
Lençóis,BA,Lençóis - BA
Lençóis Paulista,SP,Lençóis Paulista - SP
Leoberto Leal,SC,Leoberto Leal - SC
Leopoldina,MG,Leopoldina - MG
Leopoldo de Bulhões,GO,Leopoldo de Bulhões - GO
Leópolis,PR,Leópolis - PR
Liberato Salzano,RS,Liberato Salzano - RS
Liberdade,MG,Liberdade - MG
Licínio de Almeida,BA,Licínio de Almeida - BA
Lidianópolis,PR,Lidianópolis - PR
Lima Campos,MA,Lima Campos - MA
Lima Duarte,MG,Lima Duarte - MG
Limeira,SP,Limeira - SP
Limeira do Oeste,MG,Limeira do Oeste - MG
Limoeiro,PE,Limoeiro - PE
Limoeiro de Anadia,AL,Limoeiro de Anadia - AL
Limoeiro do Ajuru,PA,Limoeiro do Ajuru - PA
Limoeiro do Norte,CE,Limoeiro do Norte - CE
Lindoeste,PR,Lindoeste - PR
Lindolfo Collor,RS,Lindolfo Collor - RS
Lindóia,SP,Lindóia - SP
Lindóia do Sul,SC,Lindóia do Sul - SC
Linha Nova,RS,Linha Nova - RS
Linhares,ES,Linhares - ES
Lins,SP,Lins - SP
Livramento,PB,Livramento - PB
Livramento de Nossa Senhora,BA,Livramento de Nossa Senhora - BA
Lizarda,TO,Lizarda - TO
Loanda,PR,Loanda - PR
Lobato,PR,Lobato - PR
Logradouro,PB,Logradouro - PB
Londrina,PR,Londrina - PR
Lontra,MG,Lontra - MG
Lontras,SC,Lontras - SC
Lorena,SP,Lorena - SP
Loreto,MA,Loreto - MA
Lourdes,SP,Lourdes - SP
Louveira,SP,Louveira - SP
Lucas do Rio Verde,MT,Lucas do Rio Verde - MT
Lucena,PB,Lucena - PB
Lucianópolis,SP,Lucianópolis - SP
Luciara,MT,Luciara - MT
Lucrécia,RN,Lucrécia - RN
Lucélia,SP,Lucélia - SP
Luisburgo,MG,Luisburgo - MG
Luislândia,MG,Luislândia - MG
Luiz Alves,SC,Luiz Alves - SC
Luiziana,PR,Luiziana - PR
Luiziânia,SP,Luiziânia - SP
Luminárias,MG,Luminárias - MG
Lunardelli,PR,Lunardelli - PR
Lupionópolis,PR,Lupionópolis - PR
Lupércio,SP,Lupércio - SP
Lutécia,SP,Lutécia - SP
Luz,MG,Luz - MG
Luzerna,SC,Luzerna - SC
Luzilândia,PI,Luzilândia - PI
Luzinópolis,TO,Luzinópolis - TO
Luziânia,GO,Luziânia - GO
Luís Antônio,SP,Luís Antônio - SP
Luís Correia,PI,Luís Correia - PI
Luís Domingues,MA,Luís Domingues - MA
Luís Eduardo Magalhães,BA,Luís Eduardo Magalhães - BA
Luís Gomes,RN,Luís Gomes - RN
Lábrea,AM,Lábrea - AM
Macajuba,BA,Macajuba - BA
Macambira,SE,Macambira - SE
Macaparana,PE,Macaparana - PE
Macapá,AP,Macapá - AP
Macarani,BA,Macarani - BA
Macatuba,SP,Macatuba - SP
Macau,RN,Macau - RN
Macaubal,SP,Macaubal - SP
Macaé,RJ,Macaé - RJ
Macaíba,RN,Macaíba - RN
Macaúbas,BA,Macaúbas - BA
Macedônia,SP,Macedônia - SP
Maceió,AL,Maceió - AL
Machacalis,MG,Machacalis - MG
Machadinho,RS,Machadinho - RS
Machadinho D'Oeste,RO,Machadinho D'Oeste - RO
Machado,MG,Machado - MG
Machados,PE,Machados - PE
Macieira,SC,Macieira - SC
Macuco,RJ,Macuco - RJ
Macururé,BA,Macururé - BA
Madalena,CE,Madalena - CE
Madeiro,PI,Madeiro - PI
Madre de Deus,BA,Madre de Deus - BA
Madre de Deus de Minas,MG,Madre de Deus de Minas - MG
Maetinga,BA,Maetinga - BA
Mafra,SC,Mafra - SC
Magalhães Barata,PA,Magalhães Barata - PA
Magalhães de Almeida,MA,Magalhães de Almeida - MA
Magda,SP,Magda - SP
Magé,RJ,Magé - RJ
Maiquinique,BA,Maiquinique - BA
Mairi,BA,Mairi - BA
Mairinque,SP,Mairinque - SP
Mairiporã,SP,Mairiporã - SP
Mairipotaba,GO,Mairipotaba - GO
Major Gercino,SC,Major Gercino - SC
Major Isidoro,AL,Major Isidoro - AL
Major Sales,RN,Major Sales - RN
Major Vieira,SC,Major Vieira - SC
Malacacheta,MG,Malacacheta - MG
Malhada,BA,Malhada - BA
Malhada de Pedras,BA,Malhada de Pedras - BA
Malhada dos Bois,SE,Malhada dos Bois - SE
Malhador,SE,Malhador - SE
Mallet,PR,Mallet - PR
Malta,PB,Malta - PB
Mamanguape,PB,Mamanguape - PB
Mambaí,GO,Mambaí - GO
Mamborê,PR,Mamborê - PR
Mamonas,MG,Mamonas - MG
Mampituba,RS,Mampituba - RS
Manacapuru,AM,Manacapuru - AM
Manaquiri,AM,Manaquiri - AM
Manari,PE,Manari - PE
Manaus,AM,Manaus - AM
Manaíra,PB,Manaíra - PB
Mandaguari,PR,Mandaguari - PR
Mandaguaçu,PR,Mandaguaçu - PR
Mandirituba,PR,Mandirituba - PR
Manduri,SP,Manduri - SP
Manfrinópolis,PR,Manfrinópolis - PR
Manga,MG,Manga - MG
Mangaratiba,RJ,Mangaratiba - RJ
Mangueirinha,PR,Mangueirinha - PR
Manhuaçu,MG,Manhuaçu - MG
Manhumirim,MG,Manhumirim - MG
Manicoré,AM,Manicoré - AM
Manoel Emídio,PI,Manoel Emídio - PI
Manoel Ribas,PR,Manoel Ribas - PR
Manoel Urbano,AC,Manoel Urbano - AC
Manoel Viana,RS,Manoel Viana - RS
Manoel Vitorino,BA,Manoel Vitorino - BA
Mansidão,BA,Mansidão - BA
Mantena,MG,Mantena - MG
Mantenópolis,ES,Mantenópolis - ES
Maquiné,RS,Maquiné - RS
Mar de Espanha,MG,Mar de Espanha - MG
Mar Vermelho,AL,Mar Vermelho - AL
Mara Rosa,GO,Mara Rosa - GO
Marabá,PA,Marabá - PA
Marabá Paulista,SP,Marabá Paulista - SP
Maracaju,MS,Maracaju - MS
Maracajá,SC,Maracajá - SC
Maracanaú,CE,Maracanaú - CE
Maracanã,PA,Maracanã - PA
Maracaçumé,MA,Maracaçumé - MA
Maracaí,SP,Maracaí - SP
Maracás,BA,Maracás - BA
Maragogi,AL,Maragogi - AL
Maragogipe,BA,Maragogipe - BA
Maraial,PE,Maraial - PE
Marajá do Sena,MA,Marajá do Sena - MA
Maranguape,CE,Maranguape - CE
Maranhãozinho,MA,Maranhãozinho - MA
Marapanim,PA,Marapanim - PA
Marapoama,SP,Marapoama - SP
Marataízes,ES,Marataízes - ES
Maratá,RS,Maratá - RS
Marau,RS,Marau - RS
Maravilha,AL,Maravilha - AL
Maravilha,SC,Maravilha - SC
Maravilhas,MG,Maravilhas - MG
Maraã,AM,Maraã - AM
Maraú,BA,Maraú - BA
Marcação,PB,Marcação - PB
Marcelino Ramos,RS,Marcelino Ramos - RS
Marcelino Vieira,RN,Marcelino Vieira - RN
Marcelândia,MT,Marcelândia - MT
Marcionílio Souza,BA,Marcionílio Souza - BA
Marco,CE,Marco - CE
Marcolândia,PI,Marcolândia - PI
Marcos Parente,PI,Marcos Parente - PI
Marechal Cândido Rondon,PR,Marechal Cândido Rondon - PR
Marechal Deodoro,AL,Marechal Deodoro - AL
Marechal Floriano,ES,Marechal Floriano - ES
Marechal Thaumaturgo,AC,Marechal Thaumaturgo - AC
Marema,SC,Marema - SC
Mari,PB,Mari - PB
Maria da Fé,MG,Maria da Fé - MG
Maria Helena,PR,Maria Helena - PR
Marialva,PR,Marialva - PR
Mariana,MG,Mariana - MG
Mariana Pimentel,RS,Mariana Pimentel - RS
Mariano Moro,RS,Mariano Moro - RS
Marianópolis do Tocantins,TO,Marianópolis do Tocantins - TO
Maribondo,AL,Maribondo - AL
Maricá,RJ,Maricá - RJ
Marilac,MG,Marilac - MG
Marilena,PR,Marilena - PR
Mariluz,PR,Mariluz - PR
Marilândia,ES,Marilândia - ES
Marilândia do Sul,PR,Marilândia do Sul - PR
Maringá,PR,Maringá - PR
Marinópolis,SP,Marinópolis - SP
Maripá,PR,Maripá - PR
Maripá de Minas,MG,Maripá de Minas - MG
Marituba,PA,Marituba - PA
Marizópolis,PB,Marizópolis - PB
Mariápolis,SP,Mariápolis - SP
Mariópolis,PR,Mariópolis - PR
Marliéria,MG,Marliéria - MG
Marmeleiro,PR,Marmeleiro - PR
Marmelópolis,MG,Marmelópolis - MG
Marques de Souza,RS,Marques de Souza - RS
Marquinho,PR,Marquinho - PR
Martinho Campos,MG,Martinho Campos - MG
Martins,RN,Martins - RN
Martins Soares,MG,Martins Soares - MG
Martinópole,CE,Martinópole - CE
Martinópolis,SP,Martinópolis - SP
Maruim,SE,Maruim - SE
Marumbi,PR,Marumbi - PR
Marzagão,GO,Marzagão - GO
Marília,SP,Marília - SP
Mascote,BA,Mascote - BA
Massapê,CE,Massapê - CE
Massapê do Piauí,PI,Massapê do Piauí - PI
Massaranduba,PB,Massaranduba - PB
Massaranduba,SC,Massaranduba - SC
Mata,RS,Mata - RS
Mata de São João,BA,Mata de São João - BA
Mata Grande,AL,Mata Grande - AL
Mata Roma,MA,Mata Roma - MA
Mata Verde,MG,Mata Verde - MG
Mataraca,PB,Mataraca - PB
Mateiros,TO,Mateiros - TO
Matelândia,PR,Matelândia - PR
Materlândia,MG,Materlândia - MG
Mateus Leme,MG,Mateus Leme - MG
Mathias Lobato,MG,Mathias Lobato - MG
Matias Barbosa,MG,Matias Barbosa - MG
Matias Cardoso,MG,Matias Cardoso - MG
Matias Olímpio,PI,Matias Olímpio - PI
Matina,BA,Matina - BA
Matinha,MA,Matinha - MA
Matinhas,PB,Matinhas - PB
Matinhos,PR,Matinhos - PR
Matipó,MG,Matipó - MG
Mato Castelhano,RS,Mato Castelhano - RS
Mato Grosso,PB,Mato Grosso - PB
Mato Leitão,RS,Mato Leitão - RS
Mato Queimado,RS,Mato Queimado - RS
Mato Rico,PR,Mato Rico - PR
Mato Verde,MG,Mato Verde - MG
Matos Costa,SC,Matos Costa - SC
Matozinhos,MG,Matozinhos - MG
Matrinchã,GO,Matrinchã - GO
Matriz de Camaragibe,AL,Matriz de Camaragibe - AL
Matupá,MT,Matupá - MT
Maturéia,PB,Maturéia - PB
Matutina,MG,Matutina - MG
Matão,SP,Matão - SP
Matões,MA,Matões - MA
Matões do Norte,MA,Matões do Norte - MA
Maurilândia,GO,Maurilândia - GO
Maurilândia do Tocantins,TO,Maurilândia do Tocantins - TO
Mauriti,CE,Mauriti - CE
Mauá,SP,Mauá - SP
Mauá da Serra,PR,Mauá da Serra - PR
Maués,AM,Maués - AM
Maxaranguape,RN,Maxaranguape - RN
Maximiliano de Almeida,RS,Maximiliano de Almeida - RS
Mazagão,AP,Mazagão - AP
Maçambará,RS,Maçambará - RS
Medeiros,MG,Medeiros - MG
Medeiros Neto,BA,Medeiros Neto - BA
Medianeira,PR,Medianeira - PR
Medicilândia,PA,Medicilândia - PA
Medina,MG,Medina - MG
Meleiro,SC,Meleiro - SC
Melgaço,PA,Melgaço - PA
Mendes,RJ,Mendes - RJ
Mendes Pimentel,MG,Mendes Pimentel - MG
Mendonça,SP,Mendonça - SP
Mercedes,PR,Mercedes - PR
Mercês,MG,Mercês - MG
Meridiano,SP,Meridiano - SP
Meruoca,CE,Meruoca - CE
Mesquita,MG,Mesquita - MG
Mesquita,RJ,Mesquita - RJ
Messias,AL,Messias - AL
Messias Targino,RN,Messias Targino - RN
Mesópolis,SP,Mesópolis - SP
Miguel Alves,PI,Miguel Alves - PI
Miguel Calmon,BA,Miguel Calmon - BA
Miguel Leão,PI,Miguel Leão - PI
Miguel Pereira,RJ,Miguel Pereira - RJ
Miguelópolis,SP,Miguelópolis - SP
Milagres,BA,Milagres - BA
Milagres,CE,Milagres - CE
Milagres do Maranhão,MA,Milagres do Maranhão - MA
Milhã,CE,Milhã - CE
Milton Brandão,PI,Milton Brandão - PI
Mimoso de Goiás,GO,Mimoso de Goiás - GO
Mimoso do Sul,ES,Mimoso do Sul - ES
Minador do Negrão,AL,Minador do Negrão - AL
Minas do Leão,RS,Minas do Leão - RS
Minas Novas,MG,Minas Novas - MG
Minaçu,GO,Minaçu - GO
Minduri,MG,Minduri - MG
Mineiros,GO,Mineiros - GO
Mineiros do Tietê,SP,Mineiros do Tietê - SP
Ministro Andreazza,RO,Ministro Andreazza - RO
Mira Estrela,SP,Mira Estrela - SP
Mirabela,MG,Mirabela - MG
Miracatu,SP,Miracatu - SP
Miracema,RJ,Miracema - RJ
Miracema do Tocantins,TO,Miracema do Tocantins - TO
Mirador,MA,Mirador - MA
Mirador,PR,Mirador - PR
Miradouro,MG,Miradouro - MG
Miraguaí,RS,Miraguaí - RS
Miranda,MS,Miranda - MS
Miranda do Norte,MA,Miranda do Norte - MA
Mirandiba,PE,Mirandiba - PE
Mirandópolis,SP,Mirandópolis - SP
Mirangaba,BA,Mirangaba - BA
Miranorte,TO,Miranorte - TO
Mirante,BA,Mirante - BA
Mirante da Serra,RO,Mirante da Serra - RO
Mirante do Paranapanema,SP,Mirante do Paranapanema - SP
Miraselva,PR,Miraselva - PR
Mirassol,SP,Mirassol - SP
Mirassol d'Oeste,MT,Mirassol d'Oeste - MT
Mirassolândia,SP,Mirassolândia - SP
Miravânia,MG,Miravânia - MG
Miraí,MG,Miraí - MG
Miraíma,CE,Miraíma - CE
Mirim Doce,SC,Mirim Doce - SC
Mirinzal,MA,Mirinzal - MA
Missal,PR,Missal - PR
Missão Velha,CE,Missão Velha - CE
Mocajuba,PA,Mocajuba - PA
Mococa,SP,Mococa - SP
Modelo,SC,Modelo - SC
Moeda,MG,Moeda - MG
Moema,MG,Moema - MG
Mogeiro,PB,Mogeiro - PB
Mogi das Cruzes,SP,Mogi das Cruzes - SP
Mogi Guaçu,SP,Mogi Guaçu - SP
Mogi Mirim,SP,Mogi Mirim - SP
Moiporá,GO,Moiporá - GO
Moita Bonita,SE,Moita Bonita - SE
Moju,PA,Moju - PA
Mojuí dos Campos,PA,Mojuí dos Campos - PA
Mombaça,CE,Mombaça - CE
Mombuca,SP,Mombuca - SP
Mondaí,SC,Mondaí - SC
Mongaguá,SP,Mongaguá - SP
Monjolos,MG,Monjolos - MG
Monsenhor Gil,PI,Monsenhor Gil - PI
Monsenhor Hipólito,PI,Monsenhor Hipólito - PI
Monsenhor Paulo,MG,Monsenhor Paulo - MG
Monsenhor Tabosa,CE,Monsenhor Tabosa - CE
Montadas,PB,Montadas - PB
Montalvânia,MG,Montalvânia - MG
Montanha,ES,Montanha - ES
Montanhas,RN,Montanhas - RN
Montauri,RS,Montauri - RS
Monte Alegre,PA,Monte Alegre - PA
Monte Alegre,RN,Monte Alegre - RN
Monte Alegre de Goiás,GO,Monte Alegre de Goiás - GO
Monte Alegre de Minas,MG,Monte Alegre de Minas - MG
Monte Alegre de Sergipe,SE,Monte Alegre de Sergipe - SE
Monte Alegre do Piauí,PI,Monte Alegre do Piauí - PI
Monte Alegre do Sul,SP,Monte Alegre do Sul - SP
Monte Alegre dos Campos,RS,Monte Alegre dos Campos - RS
Monte Alto,SP,Monte Alto - SP
Monte Aprazível,SP,Monte Aprazível - SP
Monte Azul,MG,Monte Azul - MG
Monte Azul Paulista,SP,Monte Azul Paulista - SP
Monte Belo,MG,Monte Belo - MG
Monte Belo do Sul,RS,Monte Belo do Sul - RS
Monte Carlo,SC,Monte Carlo - SC
Monte Carmelo,MG,Monte Carmelo - MG
Monte Castelo,SC,Monte Castelo - SC
Monte Castelo,SP,Monte Castelo - SP
Monte das Gameleiras,RN,Monte das Gameleiras - RN
Monte do Carmo,TO,Monte do Carmo - TO
Monte Formoso,MG,Monte Formoso - MG
Monte Horebe,PB,Monte Horebe - PB
Monte Mor,SP,Monte Mor - SP
Monte Negro,RO,Monte Negro - RO
Monte Santo,BA,Monte Santo - BA
Monte Santo de Minas,MG,Monte Santo de Minas - MG
Monte Santo do Tocantins,TO,Monte Santo do Tocantins - TO
Monte Sião,MG,Monte Sião - MG
Monteiro,PB,Monteiro - PB
Monteiro Lobato,SP,Monteiro Lobato - SP
Monteirópolis,AL,Monteirópolis - AL
Montenegro,RS,Montenegro - RS
Montes Altos,MA,Montes Altos - MA
Montes Claros,MG,Montes Claros - MG
Montes Claros de Goiás,GO,Montes Claros de Goiás - GO
Montezuma,MG,Montezuma - MG
Montividiu,GO,Montividiu - GO
Montividiu do Norte,GO,Montividiu do Norte - GO
Monção,MA,Monção - MA
Monções,SP,Monções - SP
Morada Nova,CE,Morada Nova - CE
Morada Nova de Minas,MG,Morada Nova de Minas - MG
Moraújo,CE,Moraújo - CE
Moreilândia,PE,Moreilândia - PE
Moreira Sales,PR,Moreira Sales - PR
Moreno,PE,Moreno - PE
Mormaço,RS,Mormaço - RS
Morpará,BA,Morpará - BA
Morretes,PR,Morretes - PR
Morrinhos,CE,Morrinhos - CE
Morrinhos,GO,Morrinhos - GO
Morrinhos do Sul,RS,Morrinhos do Sul - RS
Morro Agudo,SP,Morro Agudo - SP
Morro Agudo de Goiás,GO,Morro Agudo de Goiás - GO
Morro Cabeça no Tempo,PI,Morro Cabeça no Tempo - PI
Morro da Fumaça,SC,Morro da Fumaça - SC
Morro da Garça,MG,Morro da Garça - MG
Morro do Chapéu,BA,Morro do Chapéu - BA
Morro do Chapéu do Piauí,PI,Morro do Chapéu do Piauí - PI
Morro do Pilar,MG,Morro do Pilar - MG
Morro Grande,SC,Morro Grande - SC
Morro Redondo,RS,Morro Redondo - RS
Morro Reuter,RS,Morro Reuter - RS
Morros,MA,Morros - MA
Mortugaba,BA,Mortugaba - BA
Morungaba,SP,Morungaba - SP
Mossoró,RN,Mossoró - RN
Mossâmedes,GO,Mossâmedes - GO
Mostardas,RS,Mostardas - RS
Motuca,SP,Motuca - SP
Mozarlândia,GO,Mozarlândia - GO
Muaná,PA,Muaná - PA
Mucajaí,RR,Mucajaí - RR
Mucambo,CE,Mucambo - CE
Mucugê,BA,Mucugê - BA
Mucuri,BA,Mucuri - BA
Mucurici,ES,Mucurici - ES
Muitos Capões,RS,Muitos Capões - RS
Muliterno,RS,Muliterno - RS
Mulungu,CE,Mulungu - CE
Mulungu,PB,Mulungu - PB
Mulungu do Morro,BA,Mulungu do Morro - BA
Mundo Novo,BA,Mundo Novo - BA
Mundo Novo,GO,Mundo Novo - GO
Mundo Novo,MS,Mundo Novo - MS
Munhoz,MG,Munhoz - MG
Munhoz de Melo,PR,Munhoz de Melo - PR
Muniz Ferreira,BA,Muniz Ferreira - BA
Muniz Freire,ES,Muniz Freire - ES
Muqui,ES,Muqui - ES
Muquém do São Francisco,BA,Muquém do São Francisco - BA
Muriaé,MG,Muriaé - MG
Muribeca,SE,Muribeca - SE
Murici,AL,Murici - AL
Murici dos Portelas,PI,Murici dos Portelas - PI
Muricilândia,TO,Muricilândia - TO
Muritiba,BA,Muritiba - BA
Murutinga do Sul,SP,Murutinga do Sul - SP
Mutum,MG,Mutum - MG
Mutunópolis,GO,Mutunópolis - GO
Mutuípe,BA,Mutuípe - BA
Muzambinho,MG,Muzambinho - MG
Muçum,RS,Muçum - RS
Mário Campos,MG,Mário Campos - MG
Mâncio Lima,AC,Mâncio Lima - AC
Mãe d'Água,PB,Mãe d'Água - PB
Mãe do Rio,PA,Mãe do Rio - PA
Nacip Raydan,MG,Nacip Raydan - MG
Nantes,SP,Nantes - SP
Nanuque,MG,Nanuque - MG
Naque,MG,Naque - MG
Narandiba,SP,Narandiba - SP
Natal,RN,Natal - RN
Natalândia,MG,Natalândia - MG
Natividade,RJ,Natividade - RJ
Natividade,TO,Natividade - TO
Natividade da Serra,SP,Natividade da Serra - SP
Natuba,PB,Natuba - PB
Natércia,MG,Natércia - MG
Navegantes,SC,Navegantes - SC
Naviraí,MS,Naviraí - MS
Nazareno,MG,Nazareno - MG
Nazarezinho,PB,Nazarezinho - PB
Nazaré,BA,Nazaré - BA
Nazaré,TO,Nazaré - TO
Nazaré da Mata,PE,Nazaré da Mata - PE
Nazaré do Piauí,PI,Nazaré do Piauí - PI
Nazaré Paulista,SP,Nazaré Paulista - SP
Nazária,PI,Nazária - PI
Nazário,GO,Nazário - GO
Nepomuceno,MG,Nepomuceno - MG
Nerópolis,GO,Nerópolis - GO
Neves Paulista,SP,Neves Paulista - SP
Neópolis,SE,Neópolis - SE
Nhamundá,AM,Nhamundá - AM
Nhandeara,SP,Nhandeara - SP
Nicolau Vergueiro,RS,Nicolau Vergueiro - RS
Nilo Peçanha,BA,Nilo Peçanha - BA
Nilópolis,RJ,Nilópolis - RJ
Nina Rodrigues,MA,Nina Rodrigues - MA
Ninheira,MG,Ninheira - MG
Nioaque,MS,Nioaque - MS
Nipoã,SP,Nipoã - SP
Niquelândia,GO,Niquelândia - GO
Niterói,RJ,Niterói - RJ
Nobres,MT,Nobres - MT
Nonoai,RS,Nonoai - RS
Nordestina,BA,Nordestina - BA
Normandia,RR,Normandia - RR
Nortelândia,MT,Nortelândia - MT
Nossa Senhora Aparecida,SE,Nossa Senhora Aparecida - SE
Nossa Senhora da Glória,SE,Nossa Senhora da Glória - SE
Nossa Senhora das Dores,SE,Nossa Senhora das Dores - SE
Nossa Senhora das Graças,PR,Nossa Senhora das Graças - PR
Nossa Senhora de Lourdes,SE,Nossa Senhora de Lourdes - SE
Nossa Senhora de Nazaré,PI,Nossa Senhora de Nazaré - PI
Nossa Senhora do Livramento,MT,Nossa Senhora do Livramento - MT
Nossa Senhora do Socorro,SE,Nossa Senhora do Socorro - SE
Nossa Senhora dos Remédios,PI,Nossa Senhora dos Remédios - PI
Nova Aliança,SP,Nova Aliança - SP
Nova Aliança do Ivaí,PR,Nova Aliança do Ivaí - PR
Nova Alvorada,RS,Nova Alvorada - RS
Nova Alvorada do Sul,MS,Nova Alvorada do Sul - MS
Nova América,GO,Nova América - GO
Nova América da Colina,PR,Nova América da Colina - PR
Nova Andradina,MS,Nova Andradina - MS
Nova Araçá,RS,Nova Araçá - RS
Nova Aurora,GO,Nova Aurora - GO
Nova Aurora,PR,Nova Aurora - PR
Nova Bandeirantes,MT,Nova Bandeirantes - MT
Nova Bassano,RS,Nova Bassano - RS
Nova Belém,MG,Nova Belém - MG
Nova Boa Vista,RS,Nova Boa Vista - RS
Nova Brasilândia,MT,Nova Brasilândia - MT
Nova Brasilândia D'Oeste,RO,Nova Brasilândia D'Oeste - RO
Nova Bréscia,RS,Nova Bréscia - RS
Nova Campina,SP,Nova Campina - SP
Nova Canaã,BA,Nova Canaã - BA
Nova Canaã do Norte,MT,Nova Canaã do Norte - MT
Nova Canaã Paulista,SP,Nova Canaã Paulista - SP
Nova Candelária,RS,Nova Candelária - RS
Nova Cantu,PR,Nova Cantu - PR
Nova Castilho,SP,Nova Castilho - SP
Nova Colinas,MA,Nova Colinas - MA
Nova Crixás,GO,Nova Crixás - GO
Nova Cruz,RN,Nova Cruz - RN
Nova Era,MG,Nova Era - MG
Nova Erechim,SC,Nova Erechim - SC
Nova Esperança,PR,Nova Esperança - PR
Nova Esperança do Piriá,PA,Nova Esperança do Piriá - PA
Nova Esperança do Sudoeste,PR,Nova Esperança do Sudoeste - PR
Nova Esperança do Sul,RS,Nova Esperança do Sul - RS
Nova Europa,SP,Nova Europa - SP
Nova Floresta,PB,Nova Floresta - PB
Nova Friburgo,RJ,Nova Friburgo - RJ
Nova Fátima,BA,Nova Fátima - BA
Nova Fátima,PR,Nova Fátima - PR
Nova Glória,GO,Nova Glória - GO
Nova Granada,SP,Nova Granada - SP
Nova Guarita,MT,Nova Guarita - MT
Nova Guataporanga,SP,Nova Guataporanga - SP
Nova Hartz,RS,Nova Hartz - RS
Nova Ibiá,BA,Nova Ibiá - BA
Nova Iguaçu,RJ,Nova Iguaçu - RJ
Nova Iguaçu de Goiás,GO,Nova Iguaçu de Goiás - GO
Nova Independência,SP,Nova Independência - SP
Nova Iorque,MA,Nova Iorque - MA
Nova Ipixuna,PA,Nova Ipixuna - PA
Nova Itaberaba,SC,Nova Itaberaba - SC
Nova Itarana,BA,Nova Itarana - BA
Nova Lacerda,MT,Nova Lacerda - MT
Nova Laranjeiras,PR,Nova Laranjeiras - PR
Nova Lima,MG,Nova Lima - MG
Nova Londrina,PR,Nova Londrina - PR
Nova Luzitânia,SP,Nova Luzitânia - SP
Nova Mamoré,RO,Nova Mamoré - RO
Nova Marilândia,MT,Nova Marilândia - MT
Nova Maringá,MT,Nova Maringá - MT
Nova Monte Verde,MT,Nova Monte Verde - MT
Nova Mutum,MT,Nova Mutum - MT
Nova Módica,MG,Nova Módica - MG
Nova Nazaré,MT,Nova Nazaré - MT
Nova Odessa,SP,Nova Odessa - SP
Nova Olinda,CE,Nova Olinda - CE
Nova Olinda,PB,Nova Olinda - PB
Nova Olinda,TO,Nova Olinda - TO
Nova Olinda do Maranhão,MA,Nova Olinda do Maranhão - MA
Nova Olinda do Norte,AM,Nova Olinda do Norte - AM
Nova Olímpia,MT,Nova Olímpia - MT
Nova Olímpia,PR,Nova Olímpia - PR
Nova Palma,RS,Nova Palma - RS
Nova Palmeira,PB,Nova Palmeira - PB
Nova Petrópolis,RS,Nova Petrópolis - RS
Nova Ponte,MG,Nova Ponte - MG
Nova Porteirinha,MG,Nova Porteirinha - MG
Nova Prata,RS,Nova Prata - RS
Nova Prata do Iguaçu,PR,Nova Prata do Iguaçu - PR
Nova Pádua,RS,Nova Pádua - RS
Nova Ramada,RS,Nova Ramada - RS
Nova Redenção,BA,Nova Redenção - BA
Nova Resende,MG,Nova Resende - MG
Nova Roma,GO,Nova Roma - GO
Nova Roma do Sul,RS,Nova Roma do Sul - RS
Nova Rosalândia,TO,Nova Rosalândia - TO
Nova Russas,CE,Nova Russas - CE
Nova Santa Bárbara,PR,Nova Santa Bárbara - PR
Nova Santa Helena,MT,Nova Santa Helena - MT
Nova Santa Rita,PI,Nova Santa Rita - PI
Nova Santa Rita,RS,Nova Santa Rita - RS
Nova Santa Rosa,PR,Nova Santa Rosa - PR
Nova Serrana,MG,Nova Serrana - MG
Nova Soure,BA,Nova Soure - BA
Nova Tebas,PR,Nova Tebas - PR
Nova Timboteua,PA,Nova Timboteua - PA
Nova Trento,SC,Nova Trento - SC
Nova Ubiratã,MT,Nova Ubiratã - MT
Nova União,MG,Nova União - MG
Nova União,RO,Nova União - RO
Nova Veneza,GO,Nova Veneza - GO
Nova Veneza,SC,Nova Veneza - SC
Nova Venécia,ES,Nova Venécia - ES
Nova Viçosa,BA,Nova Viçosa - BA
Nova Xavantina,MT,Nova Xavantina - MT
Novais,SP,Novais - SP
Novo Acordo,TO,Novo Acordo - TO
Novo Airão,AM,Novo Airão - AM
Novo Alegre,TO,Novo Alegre - TO
Novo Aripuanã,AM,Novo Aripuanã - AM
Novo Barreiro,RS,Novo Barreiro - RS
Novo Brasil,GO,Novo Brasil - GO
Novo Cabrais,RS,Novo Cabrais - RS
Novo Cruzeiro,MG,Novo Cruzeiro - MG
Novo Gama,GO,Novo Gama - GO
Novo Hamburgo,RS,Novo Hamburgo - RS
Novo Horizonte,BA,Novo Horizonte - BA
Novo Horizonte,SC,Novo Horizonte - SC
Novo Horizonte,SP,Novo Horizonte - SP
Novo Horizonte do Norte,MT,Novo Horizonte do Norte - MT
Novo Horizonte do Oeste,RO,Novo Horizonte do Oeste - RO
Novo Horizonte do Sul,MS,Novo Horizonte do Sul - MS
Novo Itacolomi,PR,Novo Itacolomi - PR
Novo Jardim,TO,Novo Jardim - TO
Novo Lino,AL,Novo Lino - AL
Novo Machado,RS,Novo Machado - RS
Novo Mundo,MT,Novo Mundo - MT
Novo Oriente,CE,Novo Oriente - CE
Novo Oriente de Minas,MG,Novo Oriente de Minas - MG
Novo Oriente do Piauí,PI,Novo Oriente do Piauí - PI
Novo Planalto,GO,Novo Planalto - GO
Novo Progresso,PA,Novo Progresso - PA
Novo Repartimento,PA,Novo Repartimento - PA
Novo Santo Antônio,MT,Novo Santo Antônio - MT
Novo Santo Antônio,PI,Novo Santo Antônio - PI
Novo São Joaquim,MT,Novo São Joaquim - MT
Novo Tiradentes,RS,Novo Tiradentes - RS
Novo Triunfo,BA,Novo Triunfo - BA
Novo Xingu,RS,Novo Xingu - RS
Novorizonte,MG,Novorizonte - MG
Nuporanga,SP,Nuporanga - SP
Não-Me-Toque,RS,Não-Me-Toque - RS
Nísia Floresta,RN,Nísia Floresta - RN
Ocara,CE,Ocara - CE
Ocauçu,SP,Ocauçu - SP
Oeiras,PI,Oeiras - PI
Oeiras do Pará,PA,Oeiras do Pará - PA
Oiapoque,AP,Oiapoque - AP
Olaria,MG,Olaria - MG
Olho d'Água,PB,Olho d'Água - PB
Olho d'Água das Cunhãs,MA,Olho d'Água das Cunhãs - MA
Olho d'Água das Flores,AL,Olho d'Água das Flores - AL
Olho d'Água do Borges,RN,Olho d'Água do Borges - RN
Olho d'Água do Casado,AL,Olho d'Água do Casado - AL
Olho D'Água do Piauí,PI,Olho D'Água do Piauí - PI
Olho d'Água Grande,AL,Olho d'Água Grande - AL
Olhos-d'Água,MG,Olhos-d'Água - MG
Olinda,PE,Olinda - PE
Olinda Nova do Maranhão,MA,Olinda Nova do Maranhão - MA
Olindina,BA,Olindina - BA
Olivedos,PB,Olivedos - PB
Oliveira,MG,Oliveira - MG
Oliveira de Fátima,TO,Oliveira de Fátima - TO
Oliveira dos Brejinhos,BA,Oliveira dos Brejinhos - BA
Oliveira Fortes,MG,Oliveira Fortes - MG
Olivença,AL,Olivença - AL
Olímpia,SP,Olímpia - SP
Olímpio Noronha,MG,Olímpio Noronha - MG
Onda Verde,SP,Onda Verde - SP
Onça de Pitangui,MG,Onça de Pitangui - MG
Oratórios,MG,Oratórios - MG
Oriente,SP,Oriente - SP
Orindiúva,SP,Orindiúva - SP
Oriximiná,PA,Oriximiná - PA
Orizona,GO,Orizona - GO
Orizânia,MG,Orizânia - MG
Orleans,SC,Orleans - SC
Orlândia,SP,Orlândia - SP
Orobó,PE,Orobó - PE
Orocó,PE,Orocó - PE
Ortigueira,PR,Ortigueira - PR
Orós,CE,Orós - CE
Osasco,SP,Osasco - SP
Oscar Bressane,SP,Oscar Bressane - SP
Osvaldo Cruz,SP,Osvaldo Cruz - SP
Osório,RS,Osório - RS
Otacílio Costa,SC,Otacílio Costa - SC
Ouricuri,PE,Ouricuri - PE
Ourilândia do Norte,PA,Ourilândia do Norte - PA
Ourinhos,SP,Ourinhos - SP
Ourizona,PR,Ourizona - PR
Ouriçangas,BA,Ouriçangas - BA
Ouro,SC,Ouro - SC
Ouro Branco,AL,Ouro Branco - AL
Ouro Branco,MG,Ouro Branco - MG
Ouro Branco,RN,Ouro Branco - RN
Ouro Fino,MG,Ouro Fino - MG
Ouro Preto,MG,Ouro Preto - MG
Ouro Preto do Oeste,RO,Ouro Preto do Oeste - RO
Ouro Velho,PB,Ouro Velho - PB
Ouro Verde,SC,Ouro Verde - SC
Ouro Verde,SP,Ouro Verde - SP
Ouro Verde de Goiás,GO,Ouro Verde de Goiás - GO
Ouro Verde de Minas,MG,Ouro Verde de Minas - MG
Ouro Verde do Oeste,PR,Ouro Verde do Oeste - PR
Ouroeste,SP,Ouroeste - SP
Ourolândia,BA,Ourolândia - BA
Ourém,PA,Ourém - PA
Ouvidor,GO,Ouvidor - GO
Pacaembu,SP,Pacaembu - SP
Pacajus,CE,Pacajus - CE
Pacajá,PA,Pacajá - PA
Pacaraima,RR,Pacaraima - RR
Pacatuba,CE,Pacatuba - CE
Pacatuba,SE,Pacatuba - SE
Pacoti,CE,Pacoti - CE
Pacujá,CE,Pacujá - CE
Padre Bernardo,GO,Padre Bernardo - GO
Padre Carvalho,MG,Padre Carvalho - MG
Padre Marcos,PI,Padre Marcos - PI
Padre Paraíso,MG,Padre Paraíso - MG
Paes Landim,PI,Paes Landim - PI
Pai Pedro,MG,Pai Pedro - MG
Paial,SC,Paial - SC
Paim Filho,RS,Paim Filho - RS
Paineiras,MG,Paineiras - MG
Painel,SC,Painel - SC
Pains,MG,Pains - MG
Paiva,MG,Paiva - MG
Paiçandu,PR,Paiçandu - PR
Pajeú do Piauí,PI,Pajeú do Piauí - PI
Palestina,AL,Palestina - AL
Palestina,SP,Palestina - SP
Palestina de Goiás,GO,Palestina de Goiás - GO
Palestina do Pará,PA,Palestina do Pará - PA
Palhano,CE,Palhano - CE
Palhoça,SC,Palhoça - SC
Palma,MG,Palma - MG
Palma Sola,SC,Palma Sola - SC
Palmares,PE,Palmares - PE
Palmares do Sul,RS,Palmares do Sul - RS
Palmares Paulista,SP,Palmares Paulista - SP
Palmas,PR,Palmas - PR
Palmas,TO,Palmas - TO
Palmas de Monte Alto,BA,Palmas de Monte Alto - BA
Palmeira,PR,Palmeira - PR
Palmeira,SC,Palmeira - SC
Palmeira d'Oeste,SP,Palmeira d'Oeste - SP
Palmeira das Missões,RS,Palmeira das Missões - RS
Palmeira do Piauí,PI,Palmeira do Piauí - PI
Palmeira dos Índios,AL,Palmeira dos Índios - AL
Palmeirais,PI,Palmeirais - PI
Palmeirante,TO,Palmeirante - TO
Palmeiras,BA,Palmeiras - BA
Palmeiras de Goiás,GO,Palmeiras de Goiás - GO
Palmeiras do Tocantins,TO,Palmeiras do Tocantins - TO
Palmeirina,PE,Palmeirina - PE
Palmeirândia,MA,Palmeirândia - MA
Palmeirópolis,TO,Palmeirópolis - TO
Palmelo,GO,Palmelo - GO
Palminópolis,GO,Palminópolis - GO
Palmital,PR,Palmital - PR
Palmital,SP,Palmital - SP
Palmitinho,RS,Palmitinho - RS
Palmitos,SC,Palmitos - SC
Palmácia,CE,Palmácia - CE
Palmópolis,MG,Palmópolis - MG
Palotina,PR,Palotina - PR
Panambi,RS,Panambi - RS
Panamá,GO,Panamá - GO
Pancas,ES,Pancas - ES
Panelas,PE,Panelas - PE
Panorama,SP,Panorama - SP
Pantano Grande,RS,Pantano Grande - RS
Papagaios,MG,Papagaios - MG
Papanduva,SC,Papanduva - SC
Paquetá,PI,Paquetá - PI
Paracambi,RJ,Paracambi - RJ
Paracatu,MG,Paracatu - MG
Paracuru,CE,Paracuru - CE
Paragominas,PA,Paragominas - PA
Paraguaçu,MG,Paraguaçu - MG
Paraguaçu Paulista,SP,Paraguaçu Paulista - SP
Paraibano,MA,Paraibano - MA
Paraibuna,SP,Paraibuna - SP
Paraipaba,CE,Paraipaba - CE
Paraisópolis,MG,Paraisópolis - MG
Parambu,CE,Parambu - CE
Paramirim,BA,Paramirim - BA
Paramoti,CE,Paramoti - CE
Paranacity,PR,Paranacity - PR
Paranaguá,PR,Paranaguá - PR
Paranaiguara,GO,Paranaiguara - GO
Paranapanema,SP,Paranapanema - SP
Paranapoema,PR,Paranapoema - PR
Paranapuã,SP,Paranapuã - SP
Paranatama,PE,Paranatama - PE
Paranatinga,MT,Paranatinga - MT
Paranavaí,PR,Paranavaí - PR
Paranaíba,MS,Paranaíba - MS
Paranaíta,MT,Paranaíta - MT
Paranhos,MS,Paranhos - MS
Paraná,RN,Paraná - RN
Paranã,TO,Paranã - TO
Paraopeba,MG,Paraopeba - MG
Parapuã,SP,Parapuã - SP
Parari,PB,Parari - PB
Paratinga,BA,Paratinga - BA
Paraty,RJ,Paraty - RJ
Parauapebas,PA,Parauapebas - PA
Parazinho,RN,Parazinho - RN
Paraí,RS,Paraí - RS
Paraíba do Sul,RJ,Paraíba do Sul - RJ
Paraíso,SC,Paraíso - SC
Paraíso,SP,Paraíso - SP
Paraíso das Águas,MS,Paraíso das Águas - MS
Paraíso do Norte,PR,Paraíso do Norte - PR
Paraíso do Sul,RS,Paraíso do Sul - RS
Paraíso do Tocantins,TO,Paraíso do Tocantins - TO
Paraú,RN,Paraú - RN
Paraúna,GO,Paraúna - GO
Pardinho,SP,Pardinho - SP
Pareci Novo,RS,Pareci Novo - RS
Parecis,RO,Parecis - RO
Parelhas,RN,Parelhas - RN
Pariconha,AL,Pariconha - AL
Parintins,AM,Parintins - AM
Paripiranga,BA,Paripiranga - BA
Paripueira,AL,Paripueira - AL
Pariquera-Açu,SP,Pariquera-Açu - SP
Parisi,SP,Parisi - SP
Parnaguá,PI,Parnaguá - PI
Parnamirim,PE,Parnamirim - PE
Parnamirim,RN,Parnamirim - RN
Parnarama,MA,Parnarama - MA
Parnaíba,PI,Parnaíba - PI
Parobé,RS,Parobé - RS
Pará de Minas,MG,Pará de Minas - MG
Passa e Fica,RN,Passa e Fica - RN
Passa Quatro,MG,Passa Quatro - MG
Passa Sete,RS,Passa Sete - RS
Passa Tempo,MG,Passa Tempo - MG
Passa Vinte,MG,Passa Vinte - MG
Passabém,MG,Passabém - MG
Passagem,PB,Passagem - PB
Passagem,RN,Passagem - RN
Passagem Franca,MA,Passagem Franca - MA
Passagem Franca do Piauí,PI,Passagem Franca do Piauí - PI
Passira,PE,Passira - PE
Passo de Camaragibe,AL,Passo de Camaragibe - AL
Passo de Torres,SC,Passo de Torres - SC
Passo do Sobrado,RS,Passo do Sobrado - RS
Passo Fundo,RS,Passo Fundo - RS
Passos,MG,Passos - MG
Passos Maia,SC,Passos Maia - SC
Pastos Bons,MA,Pastos Bons - MA
Patis,MG,Patis - MG
Pato Bragado,PR,Pato Bragado - PR
Pato Branco,PR,Pato Branco - PR
Patos,PB,Patos - PB
Patos de Minas,MG,Patos de Minas - MG
Patos do Piauí,PI,Patos do Piauí - PI
Patrocínio,MG,Patrocínio - MG
Patrocínio do Muriaé,MG,Patrocínio do Muriaé - MG
Patrocínio Paulista,SP,Patrocínio Paulista - SP
Patu,RN,Patu - RN
Paty do Alferes,RJ,Paty do Alferes - RJ
Pau Brasil,BA,Pau Brasil - BA
Pau D'Arco,PA,Pau D'Arco - PA
Pau D'Arco,TO,Pau D'Arco - TO
Pau D'Arco do Piauí,PI,Pau D'Arco do Piauí - PI
Pau dos Ferros,RN,Pau dos Ferros - RN
Paudalho,PE,Paudalho - PE
Pauini,AM,Pauini - AM
Paula Cândido,MG,Paula Cândido - MG
Paula Freitas,PR,Paula Freitas - PR
Paulicéia,SP,Paulicéia - SP
Paulino Neves,MA,Paulino Neves - MA
Paulista,PB,Paulista - PB
Paulista,PE,Paulista - PE
Paulistana,PI,Paulistana - PI
Paulistas,MG,Paulistas - MG
Paulistânia,SP,Paulistânia - SP
Paulo Afonso,BA,Paulo Afonso - BA
Paulo Bento,RS,Paulo Bento - RS
Paulo de Faria,SP,Paulo de Faria - SP
Paulo Frontin,PR,Paulo Frontin - PR
Paulo Jacinto,AL,Paulo Jacinto - AL
Paulo Lopes,SC,Paulo Lopes - SC
Paulo Ramos,MA,Paulo Ramos - MA
Paulínia,SP,Paulínia - SP
Paverama,RS,Paverama - RS
Pavussu,PI,Pavussu - PI
Pavão,MG,Pavão - MG
Paço do Lumiar,MA,Paço do Lumiar - MA
Peabiru,PR,Peabiru - PR
Pederneiras,SP,Pederneiras - SP
Pedra,PE,Pedra - PE
Pedra Azul,MG,Pedra Azul - MG
Pedra Bela,SP,Pedra Bela - SP
Pedra Bonita,MG,Pedra Bonita - MG
Pedra Branca,CE,Pedra Branca - CE
Pedra Branca,PB,Pedra Branca - PB
Pedra Branca do Amapari,AP,Pedra Branca do Amapari - AP
Pedra do Anta,MG,Pedra do Anta - MG
Pedra do Indaiá,MG,Pedra do Indaiá - MG
Pedra Dourada,MG,Pedra Dourada - MG
Pedra Grande,RN,Pedra Grande - RN
Pedra Lavrada,PB,Pedra Lavrada - PB
Pedra Mole,SE,Pedra Mole - SE
Pedra Preta,MT,Pedra Preta - MT
Pedra Preta,RN,Pedra Preta - RN
Pedralva,MG,Pedralva - MG
Pedranópolis,SP,Pedranópolis - SP
Pedras Altas,RS,Pedras Altas - RS
Pedras de Fogo,PB,Pedras de Fogo - PB
Pedras de Maria da Cruz,MG,Pedras de Maria da Cruz - MG
Pedras Grandes,SC,Pedras Grandes - SC
Pedregulho,SP,Pedregulho - SP
Pedreira,SP,Pedreira - SP
Pedreiras,MA,Pedreiras - MA
Pedrinhas,SE,Pedrinhas - SE
Pedrinhas Paulista,SP,Pedrinhas Paulista - SP
Pedrinópolis,MG,Pedrinópolis - MG
Pedro Afonso,TO,Pedro Afonso - TO
Pedro Alexandre,BA,Pedro Alexandre - BA
Pedro Avelino,RN,Pedro Avelino - RN
Pedro Canário,ES,Pedro Canário - ES
Pedro de Toledo,SP,Pedro de Toledo - SP
Pedro do Rosário,MA,Pedro do Rosário - MA
Pedro Gomes,MS,Pedro Gomes - MS
Pedro II,PI,Pedro II - PI
Pedro Laurentino,PI,Pedro Laurentino - PI
Pedro Leopoldo,MG,Pedro Leopoldo - MG
Pedro Osório,RS,Pedro Osório - RS
Pedro Régis,PB,Pedro Régis - PB
Pedro Teixeira,MG,Pedro Teixeira - MG
Pedro Velho,RN,Pedro Velho - RN
Pedrão,BA,Pedrão - BA
Peixe,TO,Peixe - TO
Peixe-Boi,PA,Peixe-Boi - PA
Peixoto de Azevedo,MT,Peixoto de Azevedo - MT
Pejuçara,RS,Pejuçara - RS
Pelotas,RS,Pelotas - RS
Penaforte,CE,Penaforte - CE
Penalva,MA,Penalva - MA
Pendências,RN,Pendências - RN
Penedo,AL,Penedo - AL
Penha,SC,Penha - SC
Pentecoste,CE,Pentecoste - CE
Penápolis,SP,Penápolis - SP
Pequeri,MG,Pequeri - MG
Pequi,MG,Pequi - MG
Pequizeiro,TO,Pequizeiro - TO
Perdigão,MG,Perdigão - MG
Perdizes,MG,Perdizes - MG
Perdões,MG,Perdões - MG
Pereira Barreto,SP,Pereira Barreto - SP
Pereiras,SP,Pereiras - SP
Pereiro,CE,Pereiro - CE
Peri Mirim,MA,Peri Mirim - MA
Periquito,MG,Periquito - MG
Peritiba,SC,Peritiba - SC
Peritoró,MA,Peritoró - MA
Perobal,PR,Perobal - PR
Perolândia,GO,Perolândia - GO
Peruíbe,SP,Peruíbe - SP
Pescador,MG,Pescador - MG
Pescaria Brava,SC,Pescaria Brava - SC
Pesqueira,PE,Pesqueira - PE
Petrolina,PE,Petrolina - PE
Petrolina de Goiás,GO,Petrolina de Goiás - GO
Petrolândia,PE,Petrolândia - PE
Petrolândia,SC,Petrolândia - SC
Petrópolis,RJ,Petrópolis - RJ
Peçanha,MG,Peçanha - MG
Piacatu,SP,Piacatu - SP
Piancó,PB,Piancó - PB
Piatã,BA,Piatã - BA
Piau,MG,Piau - MG
Piaçabuçu,AL,Piaçabuçu - AL
Picada Café,RS,Picada Café - RS
Picos,PI,Picos - PI
Picuí,PB,Picuí - PB
Piedade,SP,Piedade - SP
Piedade de Caratinga,MG,Piedade de Caratinga - MG
Piedade de Ponte Nova,MG,Piedade de Ponte Nova - MG
Piedade do Rio Grande,MG,Piedade do Rio Grande - MG
Piedade dos Gerais,MG,Piedade dos Gerais - MG
Pilar,AL,Pilar - AL
Pilar,PB,Pilar - PB
Pilar de Goiás,GO,Pilar de Goiás - GO
Pilar do Sul,SP,Pilar do Sul - SP
Pilão Arcado,BA,Pilão Arcado - BA
Pilões,PB,Pilões - PB
Pilões,RN,Pilões - RN
Pilõezinhos,PB,Pilõezinhos - PB
Pimenta,MG,Pimenta - MG
Pimenta Bueno,RO,Pimenta Bueno - RO
Pimenteiras,PI,Pimenteiras - PI
Pimenteiras do Oeste,RO,Pimenteiras do Oeste - RO
Pindamonhangaba,SP,Pindamonhangaba - SP
Pindaré-Mirim,MA,Pindaré-Mirim - MA
Pindaí,BA,Pindaí - BA
Pindoba,AL,Pindoba - AL
Pindobaçu,BA,Pindobaçu - BA
Pindorama,SP,Pindorama - SP
Pindorama do Tocantins,TO,Pindorama do Tocantins - TO
Pindoretama,CE,Pindoretama - CE
Pingo-d'Água,MG,Pingo-d'Água - MG
Pinhais,PR,Pinhais - PR
Pinhal,RS,Pinhal - RS
Pinhal da Serra,RS,Pinhal da Serra - RS
Pinhal de São Bento,PR,Pinhal de São Bento - PR
Pinhal Grande,RS,Pinhal Grande - RS
Pinhalzinho,SC,Pinhalzinho - SC
Pinhalzinho,SP,Pinhalzinho - SP
Pinhalão,PR,Pinhalão - PR
Pinheiral,RJ,Pinheiral - RJ
Pinheirinho do Vale,RS,Pinheirinho do Vale - RS
Pinheiro,MA,Pinheiro - MA
Pinheiro Machado,RS,Pinheiro Machado - RS
Pinheiro Preto,SC,Pinheiro Preto - SC
Pinheiros,ES,Pinheiros - ES
Pinhão,PR,Pinhão - PR
Pinhão,SE,Pinhão - SE
Pintadas,BA,Pintadas - BA
Pinto Bandeira,RS,Pinto Bandeira - RS
Pintópolis,MG,Pintópolis - MG
Pio IX,PI,Pio IX - PI
Pio XII,MA,Pio XII - MA
Piquerobi,SP,Piquerobi - SP
Piquet Carneiro,CE,Piquet Carneiro - CE
Piquete,SP,Piquete - SP
Piracaia,SP,Piracaia - SP
Piracanjuba,GO,Piracanjuba - GO
Piracema,MG,Piracema - MG
Piracicaba,SP,Piracicaba - SP
Piracuruca,PI,Piracuruca - PI
Piraju,SP,Piraju - SP
Pirajuba,MG,Pirajuba - MG
Pirajuí,SP,Pirajuí - SP
Pirambu,SE,Pirambu - SE
Piranga,MG,Piranga - MG
Pirangi,SP,Pirangi - SP
Piranguinho,MG,Piranguinho - MG
Piranguçu,MG,Piranguçu - MG
Piranhas,AL,Piranhas - AL
Piranhas,GO,Piranhas - GO
Pirapemas,MA,Pirapemas - MA
Pirapetinga,MG,Pirapetinga - MG
Pirapora,MG,Pirapora - MG
Pirapora do Bom Jesus,SP,Pirapora do Bom Jesus - SP
Pirapozinho,SP,Pirapozinho - SP
Pirapó,RS,Pirapó - RS
Piraquara,PR,Piraquara - PR
Piraquê,TO,Piraquê - TO
Pirassununga,SP,Pirassununga - SP
Piratini,RS,Piratini - RS
Piratininga,SP,Piratininga - SP
Piratuba,SC,Piratuba - SC
Piraí,RJ,Piraí - RJ
Piraí do Norte,BA,Piraí do Norte - BA
Piraí do Sul,PR,Piraí do Sul - PR
Piraúba,MG,Piraúba - MG
Pirenópolis,GO,Pirenópolis - GO
Pires do Rio,GO,Pires do Rio - GO
Pires Ferreira,CE,Pires Ferreira - CE
Piripiri,PI,Piripiri - PI
Piripá,BA,Piripá - BA
Piritiba,BA,Piritiba - BA
Pirpirituba,PB,Pirpirituba - PB
Pitanga,PR,Pitanga - PR
Pitangueiras,PR,Pitangueiras - PR
Pitangueiras,SP,Pitangueiras - SP
Pitangui,MG,Pitangui - MG
Pitimbu,PB,Pitimbu - PB
Pium,TO,Pium - TO
Piumhi,MG,Piumhi - MG
Piçarra,PA,Piçarra - PA
Piên,PR,Piên - PR
Piúma,ES,Piúma - ES
Placas,PA,Placas - PA
Planaltina,GO,Planaltina - GO
Planaltina do Paraná,PR,Planaltina do Paraná - PR
Planaltino,BA,Planaltino - BA
Planalto,BA,Planalto - BA
Planalto,PR,Planalto - PR
Planalto,RS,Planalto - RS
Planalto,SP,Planalto - SP
Planalto Alegre,SC,Planalto Alegre - SC
Planalto da Serra,MT,Planalto da Serra - MT
Planura,MG,Planura - MG
Platina,SP,Platina - SP
Plácido de Castro,AC,Plácido de Castro - AC
Pocinhos,PB,Pocinhos - PB
Poconé,MT,Poconé - MT
Pocrane,MG,Pocrane - MG
Pojuca,BA,Pojuca - BA
Poloni,SP,Poloni - SP
Pombal,PB,Pombal - PB
Pombos,PE,Pombos - PE
Pomerode,SC,Pomerode - SC
Pompéia,SP,Pompéia - SP
Pompéu,MG,Pompéu - MG
Pongaí,SP,Pongaí - SP
Ponta de Pedras,PA,Ponta de Pedras - PA
Ponta Grossa,PR,Ponta Grossa - PR
Ponta Porã,MS,Ponta Porã - MS
Pontal,SP,Pontal - SP
Pontal do Araguaia,MT,Pontal do Araguaia - MT
Pontal do Paraná,PR,Pontal do Paraná - PR
Pontalina,GO,Pontalina - GO
Pontalinda,SP,Pontalinda - SP
Ponte Alta,SC,Ponte Alta - SC
Ponte Alta do Bom Jesus,TO,Ponte Alta do Bom Jesus - TO
Ponte Alta do Norte,SC,Ponte Alta do Norte - SC
Ponte Alta do Tocantins,TO,Ponte Alta do Tocantins - TO
Ponte Branca,MT,Ponte Branca - MT
Ponte Nova,MG,Ponte Nova - MG
Ponte Preta,RS,Ponte Preta - RS
Ponte Serrada,SC,Ponte Serrada - SC
Pontes e Lacerda,MT,Pontes e Lacerda - MT
Pontes Gestal,SP,Pontes Gestal - SP
Ponto Belo,ES,Ponto Belo - ES
Ponto Chique,MG,Ponto Chique - MG
Ponto dos Volantes,MG,Ponto dos Volantes - MG
Ponto Novo,BA,Ponto Novo - BA
Pontão,RS,Pontão - RS
Populina,SP,Populina - SP
Poranga,CE,Poranga - CE
Porangaba,SP,Porangaba - SP
Porangatu,GO,Porangatu - GO
Porciúncula,RJ,Porciúncula - RJ
Porecatu,PR,Porecatu - PR
Portalegre,RN,Portalegre - RN
Porteiras,CE,Porteiras - CE
Porteirinha,MG,Porteirinha - MG
Porteirão,GO,Porteirão - GO
Portel,PA,Portel - PA
Portelândia,GO,Portelândia - GO
Porto,PI,Porto - PI
Porto Acre,AC,Porto Acre - AC
Porto Alegre,RS,Porto Alegre - RS
Porto Alegre do Norte,MT,Porto Alegre do Norte - MT
Porto Alegre do Piauí,PI,Porto Alegre do Piauí - PI
Porto Alegre do Tocantins,TO,Porto Alegre do Tocantins - TO
Porto Amazonas,PR,Porto Amazonas - PR
Porto Barreiro,PR,Porto Barreiro - PR
Porto Belo,SC,Porto Belo - SC
Porto Calvo,AL,Porto Calvo - AL
Porto da Folha,SE,Porto da Folha - SE
Porto de Moz,PA,Porto de Moz - PA
Porto de Pedras,AL,Porto de Pedras - AL
Porto do Mangue,RN,Porto do Mangue - RN
Porto dos Gaúchos,MT,Porto dos Gaúchos - MT
Porto Esperidião,MT,Porto Esperidião - MT
Porto Estrela,MT,Porto Estrela - MT
Porto Feliz,SP,Porto Feliz - SP
Porto Ferreira,SP,Porto Ferreira - SP
Porto Firme,MG,Porto Firme - MG
Porto Franco,MA,Porto Franco - MA
Porto Grande,AP,Porto Grande - AP
Porto Lucena,RS,Porto Lucena - RS
Porto Mauá,RS,Porto Mauá - RS
Porto Murtinho,MS,Porto Murtinho - MS
Porto Nacional,TO,Porto Nacional - TO
Porto Real,RJ,Porto Real - RJ
Porto Real do Colégio,AL,Porto Real do Colégio - AL
Porto Rico,PR,Porto Rico - PR
Porto Rico do Maranhão,MA,Porto Rico do Maranhão - MA
Porto Seguro,BA,Porto Seguro - BA
Porto União,SC,Porto União - SC
Porto Velho,RO,Porto Velho - RO
Porto Vera Cruz,RS,Porto Vera Cruz - RS
Porto Vitória,PR,Porto Vitória - PR
Porto Walter,AC,Porto Walter - AC
Porto Xavier,RS,Porto Xavier - RS
Portão,RS,Portão - RS
Posse,GO,Posse - GO
Potengi,CE,Potengi - CE
Potim,SP,Potim - SP
Potiraguá,BA,Potiraguá - BA
Potirendaba,SP,Potirendaba - SP
Potiretama,CE,Potiretama - CE
Poté,MG,Poté - MG
Pouso Alegre,MG,Pouso Alegre - MG
Pouso Alto,MG,Pouso Alto - MG
Pouso Novo,RS,Pouso Novo - RS
Pouso Redondo,SC,Pouso Redondo - SC
Poxoréu,MT,Poxoréu - MT
Poá,SP,Poá - SP
Poço Branco,RN,Poço Branco - RN
Poço Dantas,PB,Poço Dantas - PB
Poço das Antas,RS,Poço das Antas - RS
Poço das Trincheiras,AL,Poço das Trincheiras - AL
Poço de José de Moura,PB,Poço de José de Moura - PB
Poço Fundo,MG,Poço Fundo - MG
Poço Redondo,SE,Poço Redondo - SE
Poço Verde,SE,Poço Verde - SE
Poços de Caldas,MG,Poços de Caldas - MG
Poção,PE,Poção - PE
Poção de Pedras,MA,Poção de Pedras - MA
Poções,BA,Poções - BA
Pracinha,SP,Pracinha - SP
Pracuúba,AP,Pracuúba - AP
Prado,BA,Prado - BA
Prado Ferreira,PR,Prado Ferreira - PR
Prados,MG,Prados - MG
Pradópolis,SP,Pradópolis - SP
Praia Grande,SC,Praia Grande - SC
Praia Grande,SP,Praia Grande - SP
Praia Norte,TO,Praia Norte - TO
Prainha,PA,Prainha - PA
Pranchita,PR,Pranchita - PR
Prata,MG,Prata - MG
Prata,PB,Prata - PB
Prata do Piauí,PI,Prata do Piauí - PI
Pratinha,MG,Pratinha - MG
Pratápolis,MG,Pratápolis - MG
Pratânia,SP,Pratânia - SP
Presidente Alves,SP,Presidente Alves - SP
Presidente Bernardes,MG,Presidente Bernardes - MG
Presidente Bernardes,SP,Presidente Bernardes - SP
Presidente Castello Branco,SC,Presidente Castello Branco - SC
Presidente Castelo Branco,PR,Presidente Castelo Branco - PR
Presidente Dutra,BA,Presidente Dutra - BA
Presidente Dutra,MA,Presidente Dutra - MA
Presidente Epitácio,SP,Presidente Epitácio - SP
Presidente Figueiredo,AM,Presidente Figueiredo - AM
Presidente Getúlio,SC,Presidente Getúlio - SC
Presidente Juscelino,MA,Presidente Juscelino - MA
Presidente Juscelino,MG,Presidente Juscelino - MG
Presidente Jânio Quadros,BA,Presidente Jânio Quadros - BA
Presidente Kennedy,ES,Presidente Kennedy - ES
Presidente Kennedy,TO,Presidente Kennedy - TO
Presidente Kubitschek,MG,Presidente Kubitschek - MG
Presidente Lucena,RS,Presidente Lucena - RS
Presidente Médici,MA,Presidente Médici - MA
Presidente Médici,RO,Presidente Médici - RO
Presidente Nereu,SC,Presidente Nereu - SC
Presidente Olegário,MG,Presidente Olegário - MG
Presidente Prudente,SP,Presidente Prudente - SP
Presidente Sarney,MA,Presidente Sarney - MA
Presidente Tancredo Neves,BA,Presidente Tancredo Neves - BA
Presidente Vargas,MA,Presidente Vargas - MA
Presidente Venceslau,SP,Presidente Venceslau - SP
Primavera,PA,Primavera - PA
Primavera,PE,Primavera - PE
Primavera de Rondônia,RO,Primavera de Rondônia - RO
Primavera do Leste,MT,Primavera do Leste - MT
Primeira Cruz,MA,Primeira Cruz - MA
Primeiro de Maio,PR,Primeiro de Maio - PR
Princesa,SC,Princesa - SC
Princesa Isabel,PB,Princesa Isabel - PB
Professor Jamil,GO,Professor Jamil - GO
Progresso,RS,Progresso - RS
Promissão,SP,Promissão - SP
Propriá,SE,Propriá - SE
Protásio Alves,RS,Protásio Alves - RS
Prudente de Morais,MG,Prudente de Morais - MG
Prudentópolis,PR,Prudentópolis - PR
Pugmil,TO,Pugmil - TO
Pureza,RN,Pureza - RN
Putinga,RS,Putinga - RS
Puxinanã,PB,Puxinanã - PB
Pão de Açúcar,AL,Pão de Açúcar - AL
Pé de Serra,BA,Pé de Serra - BA
Pérola,PR,Pérola - PR
Pérola d'Oeste,PR,Pérola d'Oeste - PR
Quadra,SP,Quadra - SP
Quaraí,RS,Quaraí - RS
Quartel Geral,MG,Quartel Geral - MG
Quarto Centenário,PR,Quarto Centenário - PR
Quatiguá,PR,Quatiguá - PR
Quatipuru,PA,Quatipuru - PA
Quatis,RJ,Quatis - RJ
Quatro Barras,PR,Quatro Barras - PR
Quatro Irmãos,RS,Quatro Irmãos - RS
Quatro Pontes,PR,Quatro Pontes - PR
Quatá,SP,Quatá - SP
Quebrangulo,AL,Quebrangulo - AL
Quedas do Iguaçu,PR,Quedas do Iguaçu - PR
Queimada Nova,PI,Queimada Nova - PI
Queimadas,BA,Queimadas - BA
Queimadas,PB,Queimadas - PB
Queimados,RJ,Queimados - RJ
Queiroz,SP,Queiroz - SP
Queluz,SP,Queluz - SP
Queluzito,MG,Queluzito - MG
Querência,MT,Querência - MT
Querência do Norte,PR,Querência do Norte - PR
Quevedos,RS,Quevedos - RS
Quijingue,BA,Quijingue - BA
Quilombo,SC,Quilombo - SC
Quinta do Sol,PR,Quinta do Sol - PR
Quintana,SP,Quintana - SP
Quinze de Novembro,RS,Quinze de Novembro - RS
Quipapá,PE,Quipapá - PE
Quirinópolis,GO,Quirinópolis - GO
Quissamã,RJ,Quissamã - RJ
Quitandinha,PR,Quitandinha - PR
Quiterianópolis,CE,Quiterianópolis - CE
Quixaba,PB,Quixaba - PB
Quixaba,PE,Quixaba - PE
Quixabeira,BA,Quixabeira - BA
Quixadá,CE,Quixadá - CE
Quixelô,CE,Quixelô - CE
Quixeramobim,CE,Quixeramobim - CE
Quixeré,CE,Quixeré - CE
Rafael Fernandes,RN,Rafael Fernandes - RN
Rafael Godeiro,RN,Rafael Godeiro - RN
Rafael Jambeiro,BA,Rafael Jambeiro - BA
Rafard,SP,Rafard - SP
Ramilândia,PR,Ramilândia - PR
Rancharia,SP,Rancharia - SP
Rancho Alegre,PR,Rancho Alegre - PR
Rancho Alegre D'Oeste,PR,Rancho Alegre D'Oeste - PR
Rancho Queimado,SC,Rancho Queimado - SC
Raposa,MA,Raposa - MA
Raposos,MG,Raposos - MG
Raul Soares,MG,Raul Soares - MG
Realeza,PR,Realeza - PR
Rebouças,PR,Rebouças - PR
Recife,PE,Recife - PE
Recreio,MG,Recreio - MG
Recursolândia,TO,Recursolândia - TO
Redentora,RS,Redentora - RS
Redenção,CE,Redenção - CE
Redenção,PA,Redenção - PA
Redenção da Serra,SP,Redenção da Serra - SP
Redenção do Gurguéia,PI,Redenção do Gurguéia - PI
Reduto,MG,Reduto - MG
Regeneração,PI,Regeneração - PI
Regente Feijó,SP,Regente Feijó - SP
Reginópolis,SP,Reginópolis - SP
Registro,SP,Registro - SP
Relvado,RS,Relvado - RS
Remanso,BA,Remanso - BA
Remígio,PB,Remígio - PB
Renascença,PR,Renascença - PR
Reriutaba,CE,Reriutaba - CE
Resende,RJ,Resende - RJ
Resende Costa,MG,Resende Costa - MG
Reserva,PR,Reserva - PR
Reserva do Cabaçal,MT,Reserva do Cabaçal - MT
Reserva do Iguaçu,PR,Reserva do Iguaçu - PR
Resplendor,MG,Resplendor - MG
Ressaquinha,MG,Ressaquinha - MG
Restinga,SP,Restinga - SP
Restinga Sêca,RS,Restinga Sêca - RS
Retirolândia,BA,Retirolândia - BA
Riachinho,MG,Riachinho - MG
Riachinho,TO,Riachinho - TO
Riacho da Cruz,RN,Riacho da Cruz - RN
Riacho das Almas,PE,Riacho das Almas - PE
Riacho de Santana,BA,Riacho de Santana - BA
Riacho de Santana,RN,Riacho de Santana - RN
Riacho de Santo Antônio,PB,Riacho de Santo Antônio - PB
Riacho dos Cavalos,PB,Riacho dos Cavalos - PB
Riacho dos Machados,MG,Riacho dos Machados - MG
Riacho Frio,PI,Riacho Frio - PI
Riachuelo,RN,Riachuelo - RN
Riachuelo,SE,Riachuelo - SE
Riachão,MA,Riachão - MA
Riachão,PB,Riachão - PB
Riachão das Neves,BA,Riachão das Neves - BA
Riachão do Bacamarte,PB,Riachão do Bacamarte - PB
Riachão do Dantas,SE,Riachão do Dantas - SE
Riachão do Jacuípe,BA,Riachão do Jacuípe - BA
Riachão do Poço,PB,Riachão do Poço - PB
Rialma,GO,Rialma - GO
Rianápolis,GO,Rianápolis - GO
Ribamar Fiquene,MA,Ribamar Fiquene - MA
Ribas do Rio Pardo,MS,Ribas do Rio Pardo - MS
Ribeira,SP,Ribeira - SP
Ribeira do Amparo,BA,Ribeira do Amparo - BA
Ribeira do Piauí,PI,Ribeira do Piauí - PI
Ribeira do Pombal,BA,Ribeira do Pombal - BA
Ribeiro Gonçalves,PI,Ribeiro Gonçalves - PI
Ribeirão,PE,Ribeirão - PE
Ribeirão Bonito,SP,Ribeirão Bonito - SP
Ribeirão Branco,SP,Ribeirão Branco - SP
Ribeirão Cascalheira,MT,Ribeirão Cascalheira - MT
Ribeirão Claro,PR,Ribeirão Claro - PR
Ribeirão Corrente,SP,Ribeirão Corrente - SP
Ribeirão das Neves,MG,Ribeirão das Neves - MG
Ribeirão do Largo,BA,Ribeirão do Largo - BA
Ribeirão do Pinhal,PR,Ribeirão do Pinhal - PR
Ribeirão do Sul,SP,Ribeirão do Sul - SP
Ribeirão dos Índios,SP,Ribeirão dos Índios - SP
Ribeirão Grande,SP,Ribeirão Grande - SP
Ribeirão Pires,SP,Ribeirão Pires - SP
Ribeirão Preto,SP,Ribeirão Preto - SP
Ribeirão Vermelho,MG,Ribeirão Vermelho - MG
Ribeirãozinho,MT,Ribeirãozinho - MT
Ribeirópolis,SE,Ribeirópolis - SE
Rifaina,SP,Rifaina - SP
Rincão,SP,Rincão - SP
Rinópolis,SP,Rinópolis - SP
Rio Acima,MG,Rio Acima - MG
Rio Azul,PR,Rio Azul - PR
Rio Bananal,ES,Rio Bananal - ES
Rio Bom,PR,Rio Bom - PR
Rio Bonito,RJ,Rio Bonito - RJ
Rio Bonito do Iguaçu,PR,Rio Bonito do Iguaçu - PR
Rio Branco,AC,Rio Branco - AC
Rio Branco,MT,Rio Branco - MT
Rio Branco do Ivaí,PR,Rio Branco do Ivaí - PR
Rio Branco do Sul,PR,Rio Branco do Sul - PR
Rio Brilhante,MS,Rio Brilhante - MS
Rio Casca,MG,Rio Casca - MG
Rio Claro,RJ,Rio Claro - RJ
Rio Claro,SP,Rio Claro - SP
Rio Crespo,RO,Rio Crespo - RO
Rio da Conceição,TO,Rio da Conceição - TO
Rio das Antas,SC,Rio das Antas - SC
Rio das Flores,RJ,Rio das Flores - RJ
Rio das Ostras,RJ,Rio das Ostras - RJ
Rio das Pedras,SP,Rio das Pedras - SP
Rio de Contas,BA,Rio de Contas - BA
Rio de Janeiro,RJ,Rio de Janeiro - RJ
Rio do Antônio,BA,Rio do Antônio - BA
Rio do Campo,SC,Rio do Campo - SC
Rio do Fogo,RN,Rio do Fogo - RN
Rio do Oeste,SC,Rio do Oeste - SC
Rio do Pires,BA,Rio do Pires - BA
Rio do Prado,MG,Rio do Prado - MG
Rio do Sul,SC,Rio do Sul - SC
Rio Doce,MG,Rio Doce - MG
Rio dos Bois,TO,Rio dos Bois - TO
Rio dos Cedros,SC,Rio dos Cedros - SC
Rio dos Índios,RS,Rio dos Índios - RS
Rio Espera,MG,Rio Espera - MG
Rio Formoso,PE,Rio Formoso - PE
Rio Fortuna,SC,Rio Fortuna - SC
Rio Grande,RS,Rio Grande - RS
Rio Grande da Serra,SP,Rio Grande da Serra - SP
Rio Grande do Piauí,PI,Rio Grande do Piauí - PI
Rio Largo,AL,Rio Largo - AL
Rio Manso,MG,Rio Manso - MG
Rio Maria,PA,Rio Maria - PA
Rio Negrinho,SC,Rio Negrinho - SC
Rio Negro,MS,Rio Negro - MS
Rio Negro,PR,Rio Negro - PR
Rio Novo,MG,Rio Novo - MG
Rio Novo do Sul,ES,Rio Novo do Sul - ES
Rio Paranaíba,MG,Rio Paranaíba - MG
Rio Pardo,RS,Rio Pardo - RS
Rio Pardo de Minas,MG,Rio Pardo de Minas - MG
Rio Piracicaba,MG,Rio Piracicaba - MG
Rio Pomba,MG,Rio Pomba - MG
Rio Preto,MG,Rio Preto - MG
Rio Preto da Eva,AM,Rio Preto da Eva - AM
Rio Quente,GO,Rio Quente - GO
Rio Real,BA,Rio Real - BA
Rio Rufino,SC,Rio Rufino - SC
Rio Sono,TO,Rio Sono - TO
Rio Tinto,PB,Rio Tinto - PB
Rio Verde,GO,Rio Verde - GO
Rio Verde de Mato Grosso,MS,Rio Verde de Mato Grosso - MS
Rio Vermelho,MG,Rio Vermelho - MG
Riolândia,SP,Riolândia - SP
Riozinho,RS,Riozinho - RS
Riqueza,SC,Riqueza - SC
Ritápolis,MG,Ritápolis - MG
Riversul,SP,Riversul - SP
Roca Sales,RS,Roca Sales - RS
Rochedo,MS,Rochedo - MS
Rochedo de Minas,MG,Rochedo de Minas - MG
Rodeio,SC,Rodeio - SC
Rodeio Bonito,RS,Rodeio Bonito - RS
Rodeiro,MG,Rodeiro - MG
Rodelas,BA,Rodelas - BA
Rodolfo Fernandes,RN,Rodolfo Fernandes - RN
Rodrigues Alves,AC,Rodrigues Alves - AC
Rolador,RS,Rolador - RS
Rolante,RS,Rolante - RS
Rolim de Moura,RO,Rolim de Moura - RO
Rolândia,PR,Rolândia - PR
Romaria,MG,Romaria - MG
Romelândia,SC,Romelândia - SC
Roncador,PR,Roncador - PR
Ronda Alta,RS,Ronda Alta - RS
Rondinha,RS,Rondinha - RS
Rondolândia,MT,Rondolândia - MT
Rondon,PR,Rondon - PR
Rondon do Pará,PA,Rondon do Pará - PA
Rondonópolis,MT,Rondonópolis - MT
Roque Gonzales,RS,Roque Gonzales - RS
Rorainópolis,RR,Rorainópolis - RR
Rosana,SP,Rosana - SP
Roseira,SP,Roseira - SP
Rosário,MA,Rosário - MA
Rosário da Limeira,MG,Rosário da Limeira - MG
Rosário do Catete,SE,Rosário do Catete - SE
Rosário do Ivaí,PR,Rosário do Ivaí - PR
Rosário do Sul,RS,Rosário do Sul - RS
Rosário Oeste,MT,Rosário Oeste - MT
Roteiro,AL,Roteiro - AL
Rubelita,MG,Rubelita - MG
Rubiataba,GO,Rubiataba - GO
Rubim,MG,Rubim - MG
Rubinéia,SP,Rubinéia - SP
Rubiácea,SP,Rubiácea - SP
Rurópolis,PA,Rurópolis - PA
Russas,CE,Russas - CE
Ruy Barbosa,BA,Ruy Barbosa - BA
Ruy Barbosa,RN,Ruy Barbosa - RN
Sabará,MG,Sabará - MG
Sabino,SP,Sabino - SP
Sabinópolis,MG,Sabinópolis - MG
Saboeiro,CE,Saboeiro - CE
Sabáudia,PR,Sabáudia - PR
Sacramento,MG,Sacramento - MG
Sagrada Família,RS,Sagrada Família - RS
Sagres,SP,Sagres - SP
Sairé,PE,Sairé - PE
Saldanha Marinho,RS,Saldanha Marinho - RS
Sales,SP,Sales - SP
Sales Oliveira,SP,Sales Oliveira - SP
Salesópolis,SP,Salesópolis - SP
Salete,SC,Salete - SC
Salgadinho,PB,Salgadinho - PB
Salgadinho,PE,Salgadinho - PE
Salgado,SE,Salgado - SE
Salgado de São Félix,PB,Salgado de São Félix - PB
Salgado Filho,PR,Salgado Filho - PR
Salgueiro,PE,Salgueiro - PE
Salinas,MG,Salinas - MG
Salinas da Margarida,BA,Salinas da Margarida - BA
Salinópolis,PA,Salinópolis - PA
Salitre,CE,Salitre - CE
Salmourão,SP,Salmourão - SP
Saloá,PE,Saloá - PE
Saltinho,SC,Saltinho - SC
Saltinho,SP,Saltinho - SP
Salto,SP,Salto - SP
Salto da Divisa,MG,Salto da Divisa - MG
Salto de Pirapora,SP,Salto de Pirapora - SP
Salto do Céu,MT,Salto do Céu - MT
Salto do Itararé,PR,Salto do Itararé - PR
Salto do Jacuí,RS,Salto do Jacuí - RS
Salto do Lontra,PR,Salto do Lontra - PR
Salto Grande,SP,Salto Grande - SP
Salto Veloso,SC,Salto Veloso - SC
Salvador,BA,Salvador - BA
Salvador das Missões,RS,Salvador das Missões - RS
Salvador do Sul,RS,Salvador do Sul - RS
Salvaterra,PA,Salvaterra - PA
Sambaíba,MA,Sambaíba - MA
Sampaio,TO,Sampaio - TO
Sananduva,RS,Sananduva - RS
Sanclerlândia,GO,Sanclerlândia - GO
Sandolândia,TO,Sandolândia - TO
Sandovalina,SP,Sandovalina - SP
Sangão,SC,Sangão - SC
Sanharó,PE,Sanharó - PE
Sant'Ana do Livramento,RS,Sant'Ana do Livramento - RS
Santa Adélia,SP,Santa Adélia - SP
Santa Albertina,SP,Santa Albertina - SP
Santa Amélia,PR,Santa Amélia - PR
Santa Branca,SP,Santa Branca - SP
Santa Brígida,BA,Santa Brígida - BA
Santa Bárbara,BA,Santa Bárbara - BA
Santa Bárbara,MG,Santa Bárbara - MG
Santa Bárbara d'Oeste,SP,Santa Bárbara d'Oeste - SP
Santa Bárbara de Goiás,GO,Santa Bárbara de Goiás - GO
Santa Bárbara do Leste,MG,Santa Bárbara do Leste - MG
Santa Bárbara do Monte Verde,MG,Santa Bárbara do Monte Verde - MG
Santa Bárbara do Pará,PA,Santa Bárbara do Pará - PA
Santa Bárbara do Sul,RS,Santa Bárbara do Sul - RS
Santa Bárbara do Tugúrio,MG,Santa Bárbara do Tugúrio - MG
Santa Carmem,MT,Santa Carmem - MT
Santa Cecília,PB,Santa Cecília - PB
Santa Cecília,SC,Santa Cecília - SC
Santa Cecília do Pavão,PR,Santa Cecília do Pavão - PR
Santa Cecília do Sul,RS,Santa Cecília do Sul - RS
Santa Clara d'Oeste,SP,Santa Clara d'Oeste - SP
Santa Clara do Sul,RS,Santa Clara do Sul - RS
Santa Cruz,PB,Santa Cruz - PB
Santa Cruz,PE,Santa Cruz - PE
Santa Cruz,RN,Santa Cruz - RN
Santa Cruz Cabrália,BA,Santa Cruz Cabrália - BA
Santa Cruz da Baixa Verde,PE,Santa Cruz da Baixa Verde - PE
Santa Cruz da Conceição,SP,Santa Cruz da Conceição - SP
Santa Cruz da Esperança,SP,Santa Cruz da Esperança - SP
Santa Cruz da Vitória,BA,Santa Cruz da Vitória - BA
Santa Cruz das Palmeiras,SP,Santa Cruz das Palmeiras - SP
Santa Cruz de Goiás,GO,Santa Cruz de Goiás - GO
Santa Cruz de Minas,MG,Santa Cruz de Minas - MG
Santa Cruz de Monte Castelo,PR,Santa Cruz de Monte Castelo - PR
Santa Cruz de Salinas,MG,Santa Cruz de Salinas - MG
Santa Cruz do Arari,PA,Santa Cruz do Arari - PA
Santa Cruz do Capibaribe,PE,Santa Cruz do Capibaribe - PE
Santa Cruz do Escalvado,MG,Santa Cruz do Escalvado - MG
Santa Cruz do Piauí,PI,Santa Cruz do Piauí - PI
Santa Cruz do Rio Pardo,SP,Santa Cruz do Rio Pardo - SP
Santa Cruz do Sul,RS,Santa Cruz do Sul - RS
Santa Cruz do Xingu,MT,Santa Cruz do Xingu - MT
Santa Cruz dos Milagres,PI,Santa Cruz dos Milagres - PI
Santa Efigênia de Minas,MG,Santa Efigênia de Minas - MG
Santa Ernestina,SP,Santa Ernestina - SP
Santa Filomena,PE,Santa Filomena - PE
Santa Filomena,PI,Santa Filomena - PI
Santa Filomena do Maranhão,MA,Santa Filomena do Maranhão - MA
Santa Fé,PR,Santa Fé - PR
Santa Fé de Goiás,GO,Santa Fé de Goiás - GO
Santa Fé de Minas,MG,Santa Fé de Minas - MG
Santa Fé do Araguaia,TO,Santa Fé do Araguaia - TO
Santa Fé do Sul,SP,Santa Fé do Sul - SP
Santa Gertrudes,SP,Santa Gertrudes - SP
Santa Helena,MA,Santa Helena - MA
Santa Helena,PB,Santa Helena - PB
Santa Helena,PR,Santa Helena - PR
Santa Helena,SC,Santa Helena - SC
Santa Helena de Goiás,GO,Santa Helena de Goiás - GO
Santa Helena de Minas,MG,Santa Helena de Minas - MG
Santa Inês,BA,Santa Inês - BA
Santa Inês,MA,Santa Inês - MA
Santa Inês,PB,Santa Inês - PB
Santa Inês,PR,Santa Inês - PR
Santa Isabel,GO,Santa Isabel - GO
Santa Isabel,SP,Santa Isabel - SP
Santa Isabel do Ivaí,PR,Santa Isabel do Ivaí - PR
Santa Isabel do Rio Negro,AM,Santa Isabel do Rio Negro - AM
Santa Izabel do Oeste,PR,Santa Izabel do Oeste - PR
Santa Izabel do Pará,PA,Santa Izabel do Pará - PA
Santa Juliana,MG,Santa Juliana - MG
Santa Leopoldina,ES,Santa Leopoldina - ES
Santa Luz,PI,Santa Luz - PI
Santa Luzia,BA,Santa Luzia - BA
Santa Luzia,MA,Santa Luzia - MA
Santa Luzia,MG,Santa Luzia - MG
Santa Luzia,PB,Santa Luzia - PB
Santa Luzia D'Oeste,RO,Santa Luzia D'Oeste - RO
Santa Luzia do Itanhy,SE,Santa Luzia do Itanhy - SE
Santa Luzia do Norte,AL,Santa Luzia do Norte - AL
Santa Luzia do Paruá,MA,Santa Luzia do Paruá - MA
Santa Luzia do Pará,PA,Santa Luzia do Pará - PA
Santa Lúcia,PR,Santa Lúcia - PR
Santa Lúcia,SP,Santa Lúcia - SP
Santa Margarida,MG,Santa Margarida - MG
Santa Margarida do Sul,RS,Santa Margarida do Sul - RS
Santa Maria,RN,Santa Maria - RN
Santa Maria,RS,Santa Maria - RS
Santa Maria da Boa Vista,PE,Santa Maria da Boa Vista - PE
Santa Maria da Serra,SP,Santa Maria da Serra - SP
Santa Maria da Vitória,BA,Santa Maria da Vitória - BA
Santa Maria das Barreiras,PA,Santa Maria das Barreiras - PA
Santa Maria de Itabira,MG,Santa Maria de Itabira - MG
Santa Maria de Jetibá,ES,Santa Maria de Jetibá - ES
Santa Maria do Cambucá,PE,Santa Maria do Cambucá - PE
Santa Maria do Herval,RS,Santa Maria do Herval - RS
Santa Maria do Oeste,PR,Santa Maria do Oeste - PR
Santa Maria do Pará,PA,Santa Maria do Pará - PA
Santa Maria do Salto,MG,Santa Maria do Salto - MG
Santa Maria do Suaçuí,MG,Santa Maria do Suaçuí - MG
Santa Maria do Tocantins,TO,Santa Maria do Tocantins - TO
Santa Maria Madalena,RJ,Santa Maria Madalena - RJ
Santa Mariana,PR,Santa Mariana - PR
Santa Mercedes,SP,Santa Mercedes - SP
Santa Mônica,PR,Santa Mônica - PR
Santa Quitéria,CE,Santa Quitéria - CE
Santa Quitéria do Maranhão,MA,Santa Quitéria do Maranhão - MA
Santa Rita,MA,Santa Rita - MA
Santa Rita,PB,Santa Rita - PB
Santa Rita d'Oeste,SP,Santa Rita d'Oeste - SP
Santa Rita de Caldas,MG,Santa Rita de Caldas - MG
Santa Rita de Cássia,BA,Santa Rita de Cássia - BA
Santa Rita de Ibitipoca,MG,Santa Rita de Ibitipoca - MG
Santa Rita de Jacutinga,MG,Santa Rita de Jacutinga - MG
Santa Rita de Minas,MG,Santa Rita de Minas - MG
Santa Rita do Araguaia,GO,Santa Rita do Araguaia - GO
Santa Rita do Itueto,MG,Santa Rita do Itueto - MG
Santa Rita do Novo Destino,GO,Santa Rita do Novo Destino - GO
Santa Rita do Pardo,MS,Santa Rita do Pardo - MS
Santa Rita do Passa Quatro,SP,Santa Rita do Passa Quatro - SP
Santa Rita do Sapucaí,MG,Santa Rita do Sapucaí - MG
Santa Rita do Tocantins,TO,Santa Rita do Tocantins - TO
Santa Rita do Trivelato,MT,Santa Rita do Trivelato - MT
Santa Rosa,RS,Santa Rosa - RS
Santa Rosa da Serra,MG,Santa Rosa da Serra - MG
Santa Rosa de Goiás,GO,Santa Rosa de Goiás - GO
Santa Rosa de Lima,SC,Santa Rosa de Lima - SC
Santa Rosa de Lima,SE,Santa Rosa de Lima - SE
Santa Rosa de Viterbo,SP,Santa Rosa de Viterbo - SP
Santa Rosa do Piauí,PI,Santa Rosa do Piauí - PI
Santa Rosa do Purus,AC,Santa Rosa do Purus - AC
Santa Rosa do Sul,SC,Santa Rosa do Sul - SC
Santa Rosa do Tocantins,TO,Santa Rosa do Tocantins - TO
Santa Salete,SP,Santa Salete - SP
Santa Teresa,ES,Santa Teresa - ES
Santa Teresinha,PB,Santa Teresinha - PB
Santa Tereza,RS,Santa Tereza - RS
Santa Tereza de Goiás,GO,Santa Tereza de Goiás - GO
Santa Tereza do Oeste,PR,Santa Tereza do Oeste - PR
Santa Tereza do Tocantins,TO,Santa Tereza do Tocantins - TO
Santa Terezinha,BA,Santa Terezinha - BA
Santa Terezinha,MT,Santa Terezinha - MT
Santa Terezinha,PE,Santa Terezinha - PE
Santa Terezinha,SC,Santa Terezinha - SC
Santa Terezinha de Goiás,GO,Santa Terezinha de Goiás - GO
Santa Terezinha de Itaipu,PR,Santa Terezinha de Itaipu - PR
Santa Terezinha do Progresso,SC,Santa Terezinha do Progresso - SC
Santa Terezinha do Tocantins,TO,Santa Terezinha do Tocantins - TO
Santa Vitória,MG,Santa Vitória - MG
Santa Vitória do Palmar,RS,Santa Vitória do Palmar - RS
Santaluz,BA,Santaluz - BA
Santana,AP,Santana - AP
Santana,BA,Santana - BA
Santana da Boa Vista,RS,Santana da Boa Vista - RS
Santana da Ponte Pensa,SP,Santana da Ponte Pensa - SP
Santana da Vargem,MG,Santana da Vargem - MG
Santana de Cataguases,MG,Santana de Cataguases - MG
Santana de Mangueira,PB,Santana de Mangueira - PB
Santana de Parnaíba,SP,Santana de Parnaíba - SP
Santana de Pirapama,MG,Santana de Pirapama - MG
Santana do Acaraú,CE,Santana do Acaraú - CE
Santana do Araguaia,PA,Santana do Araguaia - PA
Santana do Cariri,CE,Santana do Cariri - CE
Santana do Deserto,MG,Santana do Deserto - MG
Santana do Garambéu,MG,Santana do Garambéu - MG
Santana do Ipanema,AL,Santana do Ipanema - AL
Santana do Itararé,PR,Santana do Itararé - PR
Santana do Jacaré,MG,Santana do Jacaré - MG
Santana do Manhuaçu,MG,Santana do Manhuaçu - MG
Santana do Maranhão,MA,Santana do Maranhão - MA
Santana do Matos,RN,Santana do Matos - RN
Santana do Mundaú,AL,Santana do Mundaú - AL
Santana do Paraíso,MG,Santana do Paraíso - MG
Santana do Piauí,PI,Santana do Piauí - PI
Santana do Riacho,MG,Santana do Riacho - MG
Santana do Seridó,RN,Santana do Seridó - RN
Santana do São Francisco,SE,Santana do São Francisco - SE
Santana dos Garrotes,PB,Santana dos Garrotes - PB
Santana dos Montes,MG,Santana dos Montes - MG
Santanópolis,BA,Santanópolis - BA
Santarém,PA,Santarém - PA
Santarém Novo,PA,Santarém Novo - PA
Santiago,RS,Santiago - RS
Santiago do Sul,SC,Santiago do Sul - SC
Santo Afonso,MT,Santo Afonso - MT
Santo Amaro,BA,Santo Amaro - BA
Santo Amaro da Imperatriz,SC,Santo Amaro da Imperatriz - SC
Santo Amaro das Brotas,SE,Santo Amaro das Brotas - SE
Santo Amaro do Maranhão,MA,Santo Amaro do Maranhão - MA
Santo Anastácio,SP,Santo Anastácio - SP
Santo André,PB,Santo André - PB
Santo André,SP,Santo André - SP
Santo Antônio,RN,Santo Antônio - RN
Santo Antônio da Alegria,SP,Santo Antônio da Alegria - SP
Santo Antônio da Barra,GO,Santo Antônio da Barra - GO
Santo Antônio da Patrulha,RS,Santo Antônio da Patrulha - RS
Santo Antônio da Platina,PR,Santo Antônio da Platina - PR
Santo Antônio das Missões,RS,Santo Antônio das Missões - RS
Santo Antônio de Goiás,GO,Santo Antônio de Goiás - GO
Santo Antônio de Jesus,BA,Santo Antônio de Jesus - BA
Santo Antônio de Leverger,MT,Santo Antônio de Leverger - MT
Santo Antônio de Lisboa,PI,Santo Antônio de Lisboa - PI
Santo Antônio de Posse,SP,Santo Antônio de Posse - SP
Santo Antônio de Pádua,RJ,Santo Antônio de Pádua - RJ
Santo Antônio do Amparo,MG,Santo Antônio do Amparo - MG
Santo Antônio do Aracanguá,SP,Santo Antônio do Aracanguá - SP
Santo Antônio do Aventureiro,MG,Santo Antônio do Aventureiro - MG
Santo Antônio do Caiuá,PR,Santo Antônio do Caiuá - PR
Santo Antônio do Descoberto,GO,Santo Antônio do Descoberto - GO
Santo Antônio do Grama,MG,Santo Antônio do Grama - MG
Santo Antônio do Itambé,MG,Santo Antônio do Itambé - MG
Santo Antônio do Içá,AM,Santo Antônio do Içá - AM
Santo Antônio do Jacinto,MG,Santo Antônio do Jacinto - MG
Santo Antônio do Jardim,SP,Santo Antônio do Jardim - SP
Santo Antônio do Leste,MT,Santo Antônio do Leste - MT
Santo Antônio do Monte,MG,Santo Antônio do Monte - MG
Santo Antônio do Palma,RS,Santo Antônio do Palma - RS
Santo Antônio do Paraíso,PR,Santo Antônio do Paraíso - PR
Santo Antônio do Pinhal,SP,Santo Antônio do Pinhal - SP
Santo Antônio do Planalto,RS,Santo Antônio do Planalto - RS
Santo Antônio do Retiro,MG,Santo Antônio do Retiro - MG
Santo Antônio do Rio Abaixo,MG,Santo Antônio do Rio Abaixo - MG
Santo Antônio do Sudoeste,PR,Santo Antônio do Sudoeste - PR
Santo Antônio do Tauá,PA,Santo Antônio do Tauá - PA
Santo Antônio dos Lopes,MA,Santo Antônio dos Lopes - MA
Santo Antônio dos Milagres,PI,Santo Antônio dos Milagres - PI
Santo Augusto,RS,Santo Augusto - RS
Santo Cristo,RS,Santo Cristo - RS
Santo Estêvão,BA,Santo Estêvão - BA
Santo Expedito,SP,Santo Expedito - SP
Santo Expedito do Sul,RS,Santo Expedito do Sul - RS
Santo Hipólito,MG,Santo Hipólito - MG
Santo Inácio,PR,Santo Inácio - PR
Santo Inácio do Piauí,PI,Santo Inácio do Piauí - PI
Santo Ângelo,RS,Santo Ângelo - RS
Santos,SP,Santos - SP
Santos Dumont,MG,Santos Dumont - MG
Santópolis do Aguapeí,SP,Santópolis do Aguapeí - SP
Sapeaçu,BA,Sapeaçu - BA
Sapezal,MT,Sapezal - MT
Sapiranga,RS,Sapiranga - RS
Sapopema,PR,Sapopema - PR
Sapucaia,PA,Sapucaia - PA
Sapucaia,RJ,Sapucaia - RJ
Sapucaia do Sul,RS,Sapucaia do Sul - RS
Sapucaí-Mirim,MG,Sapucaí-Mirim - MG
Sapé,PB,Sapé - PB
Saquarema,RJ,Saquarema - RJ
Sarandi,PR,Sarandi - PR
Sarandi,RS,Sarandi - RS
Sarapuí,SP,Sarapuí - SP
Sardoá,MG,Sardoá - MG
Sarutaiá,SP,Sarutaiá - SP
Sarzedo,MG,Sarzedo - MG
Satuba,AL,Satuba - AL
Satubinha,MA,Satubinha - MA
Saubara,BA,Saubara - BA
Saudade do Iguaçu,PR,Saudade do Iguaçu - PR
Saudades,SC,Saudades - SC
Saúde,BA,Saúde - BA
Schroeder,SC,Schroeder - SC
Seabra,BA,Seabra - BA
Seara,SC,Seara - SC
Sebastianópolis do Sul,SP,Sebastianópolis do Sul - SP
Sebastião Barros,PI,Sebastião Barros - PI
Sebastião Laranjeiras,BA,Sebastião Laranjeiras - BA
Sebastião Leal,PI,Sebastião Leal - PI
Seberi,RS,Seberi - RS
Sede Nova,RS,Sede Nova - RS
Segredo,RS,Segredo - RS
Selbach,RS,Selbach - RS
Selvíria,MS,Selvíria - MS
Sem-Peixe,MG,Sem-Peixe - MG
Sena Madureira,AC,Sena Madureira - AC
Senador Alexandre Costa,MA,Senador Alexandre Costa - MA
Senador Amaral,MG,Senador Amaral - MG
Senador Canedo,GO,Senador Canedo - GO
Senador Cortes,MG,Senador Cortes - MG
Senador Elói de Souza,RN,Senador Elói de Souza - RN
Senador Firmino,MG,Senador Firmino - MG
Senador Georgino Avelino,RN,Senador Georgino Avelino - RN
Senador Guiomard,AC,Senador Guiomard - AC
Senador José Bento,MG,Senador José Bento - MG
Senador José Porfírio,PA,Senador José Porfírio - PA
Senador La Rocque,MA,Senador La Rocque - MA
Senador Modestino Gonçalves,MG,Senador Modestino Gonçalves - MG
Senador Pompeu,CE,Senador Pompeu - CE
Senador Rui Palmeira,AL,Senador Rui Palmeira - AL
Senador Salgado Filho,RS,Senador Salgado Filho - RS
Senador Sá,CE,Senador Sá - CE
Sengés,PR,Sengés - PR
Senhor do Bonfim,BA,Senhor do Bonfim - BA
Senhora de Oliveira,MG,Senhora de Oliveira - MG
Senhora do Porto,MG,Senhora do Porto - MG
Senhora dos Remédios,MG,Senhora dos Remédios - MG
Sentinela do Sul,RS,Sentinela do Sul - RS
Sento Sé,BA,Sento Sé - BA
Serafina Corrêa,RS,Serafina Corrêa - RS
Sericita,MG,Sericita - MG
Seringueiras,RO,Seringueiras - RO
Seritinga,MG,Seritinga - MG
Seropédica,RJ,Seropédica - RJ
Serra,ES,Serra - ES
Serra Alta,SC,Serra Alta - SC
Serra Azul,SP,Serra Azul - SP
Serra Azul de Minas,MG,Serra Azul de Minas - MG
Serra Branca,PB,Serra Branca - PB
Serra Caiada,RN,Serra Caiada - RN
Serra da Raiz,PB,Serra da Raiz - PB
Serra da Saudade,MG,Serra da Saudade - MG
Serra de São Bento,RN,Serra de São Bento - RN
Serra do Mel,RN,Serra do Mel - RN
Serra do Navio,AP,Serra do Navio - AP
Serra do Ramalho,BA,Serra do Ramalho - BA
Serra do Salitre,MG,Serra do Salitre - MG
Serra dos Aimorés,MG,Serra dos Aimorés - MG
Serra Dourada,BA,Serra Dourada - BA
Serra Grande,PB,Serra Grande - PB
Serra Negra,SP,Serra Negra - SP
Serra Negra do Norte,RN,Serra Negra do Norte - RN
Serra Nova Dourada,MT,Serra Nova Dourada - MT
Serra Preta,BA,Serra Preta - BA
Serra Redonda,PB,Serra Redonda - PB
Serra Talhada,PE,Serra Talhada - PE
Serrana,SP,Serrana - SP
Serrania,MG,Serrania - MG
Serrano do Maranhão,MA,Serrano do Maranhão - MA
Serranos,MG,Serranos - MG
Serranópolis,GO,Serranópolis - GO
Serranópolis de Minas,MG,Serranópolis de Minas - MG
Serranópolis do Iguaçu,PR,Serranópolis do Iguaçu - PR
Serraria,PB,Serraria - PB
Serrinha,BA,Serrinha - BA
Serrinha,RN,Serrinha - RN
Serrinha dos Pintos,RN,Serrinha dos Pintos - RN
Serrita,PE,Serrita - PE
Serro,MG,Serro - MG
Serrolândia,BA,Serrolândia - BA
Sertaneja,PR,Sertaneja - PR
Sertanópolis,PR,Sertanópolis - PR
Sertânia,PE,Sertânia - PE
Sertão,RS,Sertão - RS
Sertão Santana,RS,Sertão Santana - RS
Sertãozinho,PB,Sertãozinho - PB
Sertãozinho,SP,Sertãozinho - SP
Sete Barras,SP,Sete Barras - SP
Sete de Setembro,RS,Sete de Setembro - RS
Sete Lagoas,MG,Sete Lagoas - MG
Sete Quedas,MS,Sete Quedas - MS
Setubinha,MG,Setubinha - MG
Severiano de Almeida,RS,Severiano de Almeida - RS
Severiano Melo,RN,Severiano Melo - RN
Severínia,SP,Severínia - SP
Siderópolis,SC,Siderópolis - SC
Sidrolândia,MS,Sidrolândia - MS
Sigefredo Pacheco,PI,Sigefredo Pacheco - PI
Silva Jardim,RJ,Silva Jardim - RJ
Silvanópolis,TO,Silvanópolis - TO
Silveira Martins,RS,Silveira Martins - RS
Silveiras,SP,Silveiras - SP
Silveirânia,MG,Silveirânia - MG
Silves,AM,Silves - AM
Silvianópolis,MG,Silvianópolis - MG
Silvânia,GO,Silvânia - GO
Simolândia,GO,Simolândia - GO
Simonésia,MG,Simonésia - MG
Simplício Mendes,PI,Simplício Mendes - PI
Simão Dias,SE,Simão Dias - SE
Simão Pereira,MG,Simão Pereira - MG
Simões,PI,Simões - PI
Simões Filho,BA,Simões Filho - BA
Sinimbu,RS,Sinimbu - RS
Sinop,MT,Sinop - MT
Siqueira Campos,PR,Siqueira Campos - PR
Sirinhaém,PE,Sirinhaém - PE
Siriri,SE,Siriri - SE
Sobradinho,BA,Sobradinho - BA
Sobradinho,RS,Sobradinho - RS
Sobrado,PB,Sobrado - PB
Sobral,CE,Sobral - CE
Sobrália,MG,Sobrália - MG
Socorro,SP,Socorro - SP
Socorro do Piauí,PI,Socorro do Piauí - PI
Soledade,PB,Soledade - PB
Soledade,RS,Soledade - RS
Soledade de Minas,MG,Soledade de Minas - MG
Solidão,PE,Solidão - PE
Solonópole,CE,Solonópole - CE
Solânea,PB,Solânea - PB
Sombrio,SC,Sombrio - SC
Sonora,MS,Sonora - MS
Sooretama,ES,Sooretama - ES
Sorocaba,SP,Sorocaba - SP
Sorriso,MT,Sorriso - MT
Sossêgo,PB,Sossêgo - PB
Soure,PA,Soure - PA
Sousa,PB,Sousa - PB
Souto Soares,BA,Souto Soares - BA
Sucupira,TO,Sucupira - TO
Sucupira do Norte,MA,Sucupira do Norte - MA
Sucupira do Riachão,MA,Sucupira do Riachão - MA
Sud Mennucci,SP,Sud Mennucci - SP
Sul Brasil,SC,Sul Brasil - SC
Sulina,PR,Sulina - PR
Sumaré,SP,Sumaré - SP
Sumidouro,RJ,Sumidouro - RJ
Sumé,PB,Sumé - PB
Surubim,PE,Surubim - PE
Sussuapara,PI,Sussuapara - PI
Suzano,SP,Suzano - SP
Suzanápolis,SP,Suzanápolis - SP
Sátiro Dias,BA,Sátiro Dias - BA
São Benedito,CE,São Benedito - CE
São Benedito do Rio Preto,MA,São Benedito do Rio Preto - MA
São Benedito do Sul,PE,São Benedito do Sul - PE
São Bentinho,PB,São Bentinho - PB
São Bento,MA,São Bento - MA
São Bento,PB,São Bento - PB
São Bento Abade,MG,São Bento Abade - MG
São Bento do Norte,RN,São Bento do Norte - RN
São Bento do Sapucaí,SP,São Bento do Sapucaí - SP
São Bento do Sul,SC,São Bento do Sul - SC
São Bento do Tocantins,TO,São Bento do Tocantins - TO
São Bento do Trairí,RN,São Bento do Trairí - RN
São Bento do Una,PE,São Bento do Una - PE
São Bernardino,SC,São Bernardino - SC
São Bernardo,MA,São Bernardo - MA
São Bernardo do Campo,SP,São Bernardo do Campo - SP
São Bonifácio,SC,São Bonifácio - SC
São Borja,RS,São Borja - RS
São Braz do Piauí,PI,São Braz do Piauí - PI
São Brás,AL,São Brás - AL
São Brás do Suaçuí,MG,São Brás do Suaçuí - MG
São Caetano de Odivelas,PA,São Caetano de Odivelas - PA
São Caetano do Sul,SP,São Caetano do Sul - SP
São Caitano,PE,São Caitano - PE
São Carlos,SC,São Carlos - SC
São Carlos,SP,São Carlos - SP
São Carlos do Ivaí,PR,São Carlos do Ivaí - PR
São Cristóvão,SE,São Cristóvão - SE
São Cristóvão do Sul,SC,São Cristóvão do Sul - SC
São Desidério,BA,São Desidério - BA
São Domingos,BA,São Domingos - BA
São Domingos,GO,São Domingos - GO
São Domingos,PB,São Domingos - PB
São Domingos,SC,São Domingos - SC
São Domingos,SE,São Domingos - SE
São Domingos das Dores,MG,São Domingos das Dores - MG
São Domingos do Araguaia,PA,São Domingos do Araguaia - PA
São Domingos do Azeitão,MA,São Domingos do Azeitão - MA
São Domingos do Capim,PA,São Domingos do Capim - PA
São Domingos do Cariri,PB,São Domingos do Cariri - PB
São Domingos do Maranhão,MA,São Domingos do Maranhão - MA
São Domingos do Norte,ES,São Domingos do Norte - ES
São Domingos do Prata,MG,São Domingos do Prata - MG
São Domingos do Sul,RS,São Domingos do Sul - RS
São Felipe,BA,São Felipe - BA
São Felipe D'Oeste,RO,São Felipe D'Oeste - RO
São Fernando,RN,São Fernando - RN
São Fidélis,RJ,São Fidélis - RJ
São Francisco,MG,São Francisco - MG
São Francisco,PB,São Francisco - PB
São Francisco,SE,São Francisco - SE
São Francisco,SP,São Francisco - SP
São Francisco de Assis,RS,São Francisco de Assis - RS
São Francisco de Assis do Piauí,PI,São Francisco de Assis do Piauí - PI
São Francisco de Goiás,GO,São Francisco de Goiás - GO
São Francisco de Itabapoana,RJ,São Francisco de Itabapoana - RJ
São Francisco de Paula,MG,São Francisco de Paula - MG
São Francisco de Paula,RS,São Francisco de Paula - RS
São Francisco de Sales,MG,São Francisco de Sales - MG
São Francisco do Brejão,MA,São Francisco do Brejão - MA
São Francisco do Conde,BA,São Francisco do Conde - BA
São Francisco do Glória,MG,São Francisco do Glória - MG
São Francisco do Guaporé,RO,São Francisco do Guaporé - RO
São Francisco do Maranhão,MA,São Francisco do Maranhão - MA
São Francisco do Oeste,RN,São Francisco do Oeste - RN
São Francisco do Pará,PA,São Francisco do Pará - PA
São Francisco do Piauí,PI,São Francisco do Piauí - PI
São Francisco do Sul,SC,São Francisco do Sul - SC
São Félix,BA,São Félix - BA
São Félix de Balsas,MA,São Félix de Balsas - MA
São Félix de Minas,MG,São Félix de Minas - MG
São Félix do Araguaia,MT,São Félix do Araguaia - MT
São Félix do Coribe,BA,São Félix do Coribe - BA
São Félix do Piauí,PI,São Félix do Piauí - PI
São Félix do Tocantins,TO,São Félix do Tocantins - TO
São Félix do Xingu,PA,São Félix do Xingu - PA
São Gabriel,BA,São Gabriel - BA
São Gabriel,RS,São Gabriel - RS
São Gabriel da Cachoeira,AM,São Gabriel da Cachoeira - AM
São Gabriel da Palha,ES,São Gabriel da Palha - ES
São Gabriel do Oeste,MS,São Gabriel do Oeste - MS
São Geraldo,MG,São Geraldo - MG
São Geraldo da Piedade,MG,São Geraldo da Piedade - MG
São Geraldo do Araguaia,PA,São Geraldo do Araguaia - PA
São Geraldo do Baixio,MG,São Geraldo do Baixio - MG
São Gonçalo,RJ,São Gonçalo - RJ
São Gonçalo do Abaeté,MG,São Gonçalo do Abaeté - MG
São Gonçalo do Amarante,CE,São Gonçalo do Amarante - CE
São Gonçalo do Amarante,RN,São Gonçalo do Amarante - RN
São Gonçalo do Gurguéia,PI,São Gonçalo do Gurguéia - PI
São Gonçalo do Pará,MG,São Gonçalo do Pará - MG
São Gonçalo do Piauí,PI,São Gonçalo do Piauí - PI
São Gonçalo do Rio Abaixo,MG,São Gonçalo do Rio Abaixo - MG
São Gonçalo do Rio Preto,MG,São Gonçalo do Rio Preto - MG
São Gonçalo do Sapucaí,MG,São Gonçalo do Sapucaí - MG
São Gonçalo dos Campos,BA,São Gonçalo dos Campos - BA
São Gotardo,MG,São Gotardo - MG
São Jerônimo,RS,São Jerônimo - RS
São Jerônimo da Serra,PR,São Jerônimo da Serra - PR
São Joaquim,SC,São Joaquim - SC
São Joaquim da Barra,SP,São Joaquim da Barra - SP
São Joaquim de Bicas,MG,São Joaquim de Bicas - MG
São Joaquim do Monte,PE,São Joaquim do Monte - PE
São Jorge,RS,São Jorge - RS
São Jorge d'Oeste,PR,São Jorge d'Oeste - PR
São Jorge do Ivaí,PR,São Jorge do Ivaí - PR
São Jorge do Patrocínio,PR,São Jorge do Patrocínio - PR
São José,SC,São José - SC
São José da Barra,MG,São José da Barra - MG
São José da Bela Vista,SP,São José da Bela Vista - SP
São José da Boa Vista,PR,São José da Boa Vista - PR
São José da Coroa Grande,PE,São José da Coroa Grande - PE
São José da Lagoa Tapada,PB,São José da Lagoa Tapada - PB
São José da Laje,AL,São José da Laje - AL
São José da Lapa,MG,São José da Lapa - MG
São José da Safira,MG,São José da Safira - MG
São José da Tapera,AL,São José da Tapera - AL
São José da Varginha,MG,São José da Varginha - MG
São José da Vitória,BA,São José da Vitória - BA
São José das Missões,RS,São José das Missões - RS
São José das Palmeiras,PR,São José das Palmeiras - PR
São José de Caiana,PB,São José de Caiana - PB
São José de Espinharas,PB,São José de Espinharas - PB
São José de Mipibu,RN,São José de Mipibu - RN
São José de Piranhas,PB,São José de Piranhas - PB
São José de Princesa,PB,São José de Princesa - PB
São José de Ribamar,MA,São José de Ribamar - MA
São José de Ubá,RJ,São José de Ubá - RJ
São José do Alegre,MG,São José do Alegre - MG
São José do Barreiro,SP,São José do Barreiro - SP
São José do Belmonte,PE,São José do Belmonte - PE
São José do Bonfim,PB,São José do Bonfim - PB
São José do Brejo do Cruz,PB,São José do Brejo do Cruz - PB
São José do Calçado,ES,São José do Calçado - ES
São José do Campestre,RN,São José do Campestre - RN
São José do Cedro,SC,São José do Cedro - SC
São José do Cerrito,SC,São José do Cerrito - SC
São José do Divino,MG,São José do Divino - MG
São José do Divino,PI,São José do Divino - PI
São José do Egito,PE,São José do Egito - PE
São José do Goiabal,MG,São José do Goiabal - MG
São José do Herval,RS,São José do Herval - RS
São José do Hortêncio,RS,São José do Hortêncio - RS
São José do Inhacorá,RS,São José do Inhacorá - RS
São José do Jacuri,MG,São José do Jacuri - MG
São José do Jacuípe,BA,São José do Jacuípe - BA
São José do Mantimento,MG,São José do Mantimento - MG
São José do Norte,RS,São José do Norte - RS
São José do Ouro,RS,São José do Ouro - RS
São José do Peixe,PI,São José do Peixe - PI
São José do Piauí,PI,São José do Piauí - PI
São José do Povo,MT,São José do Povo - MT
São José do Rio Claro,MT,São José do Rio Claro - MT
São José do Rio Pardo,SP,São José do Rio Pardo - SP
São José do Rio Preto,SP,São José do Rio Preto - SP
São José do Sabugi,PB,São José do Sabugi - PB
São José do Seridó,RN,São José do Seridó - RN
São José do Sul,RS,São José do Sul - RS
São José do Vale do Rio Preto,RJ,São José do Vale do Rio Preto - RJ
São José do Xingu,MT,São José do Xingu - MT
São José dos Ausentes,RS,São José dos Ausentes - RS
São José dos Basílios,MA,São José dos Basílios - MA
São José dos Campos,SP,São José dos Campos - SP
São José dos Cordeiros,PB,São José dos Cordeiros - PB
São José dos Pinhais,PR,São José dos Pinhais - PR
São José dos Quatro Marcos,MT,São José dos Quatro Marcos - MT
São José dos Ramos,PB,São José dos Ramos - PB
São João,PE,São João - PE
São João,PR,São João - PR
São João Batista,MA,São João Batista - MA
São João Batista,SC,São João Batista - SC
São João Batista do Glória,MG,São João Batista do Glória - MG
São João d'Aliança,GO,São João d'Aliança - GO
São João da Baliza,RR,São João da Baliza - RR
São João da Barra,RJ,São João da Barra - RJ
São João da Boa Vista,SP,São João da Boa Vista - SP
São João da Canabrava,PI,São João da Canabrava - PI
São João da Fronteira,PI,São João da Fronteira - PI
São João da Lagoa,MG,São João da Lagoa - MG
São João da Mata,MG,São João da Mata - MG
São João da Paraúna,GO,São João da Paraúna - GO
São João da Ponta,PA,São João da Ponta - PA
São João da Ponte,MG,São João da Ponte - MG
São João da Serra,PI,São João da Serra - PI
São João da Urtiga,RS,São João da Urtiga - RS
São João da Varjota,PI,São João da Varjota - PI
São João das Duas Pontes,SP,São João das Duas Pontes - SP
São João das Missões,MG,São João das Missões - MG
São João de Iracema,SP,São João de Iracema - SP
São João de Meriti,RJ,São João de Meriti - RJ
São João de Pirabas,PA,São João de Pirabas - PA
São João del Rei,MG,São João del Rei - MG
São João do Araguaia,PA,São João do Araguaia - PA
São João do Arraial,PI,São João do Arraial - PI
São João do Caiuá,PR,São João do Caiuá - PR
São João do Cariri,PB,São João do Cariri - PB
São João do Carú,MA,São João do Carú - MA
São João do Itaperiú,SC,São João do Itaperiú - SC
São João do Ivaí,PR,São João do Ivaí - PR
São João do Jaguaribe,CE,São João do Jaguaribe - CE
São João do Manhuaçu,MG,São João do Manhuaçu - MG
São João do Manteninha,MG,São João do Manteninha - MG
São João do Oeste,SC,São João do Oeste - SC
São João do Oriente,MG,São João do Oriente - MG
São João do Pacuí,MG,São João do Pacuí - MG
São João do Paraíso,MA,São João do Paraíso - MA
São João do Paraíso,MG,São João do Paraíso - MG
São João do Pau d'Alho,SP,São João do Pau d'Alho - SP
São João do Piauí,PI,São João do Piauí - PI
São João do Polêsine,RS,São João do Polêsine - RS
São João do Rio do Peixe,PB,São João do Rio do Peixe - PB
São João do Sabugi,RN,São João do Sabugi - RN
São João do Soter,MA,São João do Soter - MA
São João do Sul,SC,São João do Sul - SC
São João do Tigre,PB,São João do Tigre - PB
São João do Triunfo,PR,São João do Triunfo - PR
São João dos Patos,MA,São João dos Patos - MA
São João Evangelista,MG,São João Evangelista - MG
São João Nepomuceno,MG,São João Nepomuceno - MG
São Julião,PI,São Julião - PI
São Leopoldo,RS,São Leopoldo - RS
São Lourenço,MG,São Lourenço - MG
São Lourenço da Mata,PE,São Lourenço da Mata - PE
São Lourenço da Serra,SP,São Lourenço da Serra - SP
São Lourenço do Oeste,SC,São Lourenço do Oeste - SC
São Lourenço do Piauí,PI,São Lourenço do Piauí - PI
São Lourenço do Sul,RS,São Lourenço do Sul - RS
São Ludgero,SC,São Ludgero - SC
São Luis do Piauí,PI,São Luis do Piauí - PI
São Luiz do Anauá,RR,São Luiz do Anauá - RR
São Luiz do Norte,GO,São Luiz do Norte - GO
São Luiz do Paraitinga,SP,São Luiz do Paraitinga - SP
São Luiz Gonzaga,RS,São Luiz Gonzaga - RS
São Luís,MA,São Luís - MA
São Luís de Montes Belos,GO,São Luís de Montes Belos - GO
São Luís do Curu,CE,São Luís do Curu - CE
São Luís do Quitunde,AL,São Luís do Quitunde - AL
São Luís Gonzaga do Maranhão,MA,São Luís Gonzaga do Maranhão - MA
São Mamede,PB,São Mamede - PB
São Manoel do Paraná,PR,São Manoel do Paraná - PR
São Manuel,SP,São Manuel - SP
São Marcos,RS,São Marcos - RS
São Martinho,RS,São Martinho - RS
São Martinho,SC,São Martinho - SC
São Martinho da Serra,RS,São Martinho da Serra - RS
São Mateus,ES,São Mateus - ES
São Mateus do Maranhão,MA,São Mateus do Maranhão - MA
São Mateus do Sul,PR,São Mateus do Sul - PR
São Miguel,RN,São Miguel - RN
São Miguel Arcanjo,SP,São Miguel Arcanjo - SP
São Miguel da Baixa Grande,PI,São Miguel da Baixa Grande - PI
São Miguel da Boa Vista,SC,São Miguel da Boa Vista - SC
São Miguel das Matas,BA,São Miguel das Matas - BA
São Miguel das Missões,RS,São Miguel das Missões - RS
São Miguel de Taipu,PB,São Miguel de Taipu - PB
São Miguel do Aleixo,SE,São Miguel do Aleixo - SE
São Miguel do Anta,MG,São Miguel do Anta - MG
São Miguel do Araguaia,GO,São Miguel do Araguaia - GO
São Miguel do Fidalgo,PI,São Miguel do Fidalgo - PI
São Miguel do Gostoso,RN,São Miguel do Gostoso - RN
São Miguel do Guamá,PA,São Miguel do Guamá - PA
São Miguel do Guaporé,RO,São Miguel do Guaporé - RO
São Miguel do Iguaçu,PR,São Miguel do Iguaçu - PR
São Miguel do Oeste,SC,São Miguel do Oeste - SC
São Miguel do Passa Quatro,GO,São Miguel do Passa Quatro - GO
São Miguel do Tapuio,PI,São Miguel do Tapuio - PI
São Miguel do Tocantins,TO,São Miguel do Tocantins - TO
São Miguel dos Campos,AL,São Miguel dos Campos - AL
São Miguel dos Milagres,AL,São Miguel dos Milagres - AL
São Nicolau,RS,São Nicolau - RS
São Patrício,GO,São Patrício - GO
São Paulo,SP,São Paulo - SP
São Paulo das Missões,RS,São Paulo das Missões - RS
São Paulo de Olivença,AM,São Paulo de Olivença - AM
São Paulo do Potengi,RN,São Paulo do Potengi - RN
São Pedro,RN,São Pedro - RN
São Pedro,SP,São Pedro - SP
São Pedro da Aldeia,RJ,São Pedro da Aldeia - RJ
São Pedro da Cipa,MT,São Pedro da Cipa - MT
São Pedro da Serra,RS,São Pedro da Serra - RS
São Pedro da União,MG,São Pedro da União - MG
São Pedro da Água Branca,MA,São Pedro da Água Branca - MA
São Pedro das Missões,RS,São Pedro das Missões - RS
São Pedro de Alcântara,SC,São Pedro de Alcântara - SC
São Pedro do Butiá,RS,São Pedro do Butiá - RS
São Pedro do Iguaçu,PR,São Pedro do Iguaçu - PR
São Pedro do Ivaí,PR,São Pedro do Ivaí - PR
São Pedro do Paraná,PR,São Pedro do Paraná - PR
São Pedro do Piauí,PI,São Pedro do Piauí - PI
São Pedro do Suaçuí,MG,São Pedro do Suaçuí - MG
São Pedro do Sul,RS,São Pedro do Sul - RS
São Pedro do Turvo,SP,São Pedro do Turvo - SP
São Pedro dos Crentes,MA,São Pedro dos Crentes - MA
São Pedro dos Ferros,MG,São Pedro dos Ferros - MG
São Rafael,RN,São Rafael - RN
São Raimundo das Mangabeiras,MA,São Raimundo das Mangabeiras - MA
São Raimundo do Doca Bezerra,MA,São Raimundo do Doca Bezerra - MA
São Raimundo Nonato,PI,São Raimundo Nonato - PI
São Roberto,MA,São Roberto - MA
São Romão,MG,São Romão - MG
São Roque,SP,São Roque - SP
São Roque de Minas,MG,São Roque de Minas - MG
São Roque do Canaã,ES,São Roque do Canaã - ES
São Salvador do Tocantins,TO,São Salvador do Tocantins - TO
São Sebastião,AL,São Sebastião - AL
São Sebastião,SP,São Sebastião - SP
São Sebastião da Amoreira,PR,São Sebastião da Amoreira - PR
São Sebastião da Bela Vista,MG,São Sebastião da Bela Vista - MG
São Sebastião da Boa Vista,PA,São Sebastião da Boa Vista - PA
São Sebastião da Grama,SP,São Sebastião da Grama - SP
São Sebastião da Vargem Alegre,MG,São Sebastião da Vargem Alegre - MG
São Sebastião de Lagoa de Roça,PB,São Sebastião de Lagoa de Roça - PB
São Sebastião do Alto,RJ,São Sebastião do Alto - RJ
São Sebastião do Anta,MG,São Sebastião do Anta - MG
São Sebastião do Caí,RS,São Sebastião do Caí - RS
São Sebastião do Maranhão,MG,São Sebastião do Maranhão - MG
São Sebastião do Oeste,MG,São Sebastião do Oeste - MG
São Sebastião do Paraíso,MG,São Sebastião do Paraíso - MG
São Sebastião do Passé,BA,São Sebastião do Passé - BA
São Sebastião do Rio Preto,MG,São Sebastião do Rio Preto - MG
São Sebastião do Rio Verde,MG,São Sebastião do Rio Verde - MG
São Sebastião do Tocantins,TO,São Sebastião do Tocantins - TO
São Sebastião do Uatumã,AM,São Sebastião do Uatumã - AM
São Sebastião do Umbuzeiro,PB,São Sebastião do Umbuzeiro - PB
São Sepé,RS,São Sepé - RS
São Simão,GO,São Simão - GO
São Simão,SP,São Simão - SP
São Tiago,MG,São Tiago - MG
São Tomás de Aquino,MG,São Tomás de Aquino - MG
São Tomé,PR,São Tomé - PR
São Tomé,RN,São Tomé - RN
São Tomé das Letras,MG,São Tomé das Letras - MG
São Valentim,RS,São Valentim - RS
São Valentim do Sul,RS,São Valentim do Sul - RS
São Valério,TO,São Valério - TO
São Valério do Sul,RS,São Valério do Sul - RS
São Vendelino,RS,São Vendelino - RS
São Vicente,RN,São Vicente - RN
São Vicente,SP,São Vicente - SP
São Vicente de Minas,MG,São Vicente de Minas - MG
São Vicente do Seridó,PB,São Vicente do Seridó - PB
São Vicente do Sul,RS,São Vicente do Sul - RS
São Vicente Ferrer,MA,São Vicente Ferrer - MA
São Vicente Férrer,PE,São Vicente Férrer - PE
Sério,RS,Sério - RS
Sítio d'Abadia,GO,Sítio d'Abadia - GO
Sítio do Mato,BA,Sítio do Mato - BA
Sítio do Quinto,BA,Sítio do Quinto - BA
Sítio Novo,MA,Sítio Novo - MA
Sítio Novo,RN,Sítio Novo - RN
Sítio Novo do Tocantins,TO,Sítio Novo do Tocantins - TO
Tabaporã,MT,Tabaporã - MT
Tabapuã,SP,Tabapuã - SP
Tabatinga,AM,Tabatinga - AM
Tabatinga,SP,Tabatinga - SP
Tabaí,RS,Tabaí - RS
Tabira,PE,Tabira - PE
Tabocas do Brejo Velho,BA,Tabocas do Brejo Velho - BA
Tabocão,TO,Tabocão - TO
Taboleiro Grande,RN,Taboleiro Grande - RN
Taboão da Serra,SP,Taboão da Serra - SP
Tabuleiro,MG,Tabuleiro - MG
Tabuleiro do Norte,CE,Tabuleiro do Norte - CE
Tacaimbó,PE,Tacaimbó - PE
Tacaratu,PE,Tacaratu - PE
Taciba,SP,Taciba - SP
Tacima,PB,Tacima - PB
Tacuru,MS,Tacuru - MS
Taguatinga,TO,Taguatinga - TO
Taguaí,SP,Taguaí - SP
Taiaçu,SP,Taiaçu - SP
Tailândia,PA,Tailândia - PA
Taiobeiras,MG,Taiobeiras - MG
Taipas do Tocantins,TO,Taipas do Tocantins - TO
Taipu,RN,Taipu - RN
Taió,SC,Taió - SC
Taiúva,SP,Taiúva - SP
Talismã,TO,Talismã - TO
Tamandaré,PE,Tamandaré - PE
Tamarana,PR,Tamarana - PR
Tambaú,SP,Tambaú - SP
Tamboara,PR,Tamboara - PR
Tamboril,CE,Tamboril - CE
Tamboril do Piauí,PI,Tamboril do Piauí - PI
Tanabi,SP,Tanabi - SP
Tangará,RN,Tangará - RN
Tangará,SC,Tangará - SC
Tangará da Serra,MT,Tangará da Serra - MT
Tanguá,RJ,Tanguá - RJ
Tanhaçu,BA,Tanhaçu - BA
Tanque d'Arca,AL,Tanque d'Arca - AL
Tanque do Piauí,PI,Tanque do Piauí - PI
Tanque Novo,BA,Tanque Novo - BA
Tanquinho,BA,Tanquinho - BA
Taparuba,MG,Taparuba - MG
Tapauá,AM,Tapauá - AM
Tapejara,PR,Tapejara - PR
Tapejara,RS,Tapejara - RS
Tapera,RS,Tapera - RS
Taperoá,BA,Taperoá - BA
Taperoá,PB,Taperoá - PB
Tapes,RS,Tapes - RS
Tapira,MG,Tapira - MG
Tapira,PR,Tapira - PR
Tapiramutá,BA,Tapiramutá - BA
Tapiratiba,SP,Tapiratiba - SP
Tapiraí,MG,Tapiraí - MG
Tapiraí,SP,Tapiraí - SP
Tapurah,MT,Tapurah - MT
Taquara,RS,Taquara - RS
Taquaral,SP,Taquaral - SP
Taquaral de Goiás,GO,Taquaral de Goiás - GO
Taquarana,AL,Taquarana - AL
Taquaraçu de Minas,MG,Taquaraçu de Minas - MG
Taquari,RS,Taquari - RS
Taquaritinga,SP,Taquaritinga - SP
Taquaritinga do Norte,PE,Taquaritinga do Norte - PE
Taquarituba,SP,Taquarituba - SP
Taquarivaí,SP,Taquarivaí - SP
Taquarussu,MS,Taquarussu - MS
Taquaruçu do Sul,RS,Taquaruçu do Sul - RS
Tarabai,SP,Tarabai - SP
Tarauacá,AC,Tarauacá - AC
Tarrafas,CE,Tarrafas - CE
Tartarugalzinho,AP,Tartarugalzinho - AP
Tarumirim,MG,Tarumirim - MG
Tarumã,SP,Tarumã - SP
Tasso Fragoso,MA,Tasso Fragoso - MA
Tatuí,SP,Tatuí - SP
Taubaté,SP,Taubaté - SP
Tauá,CE,Tauá - CE
Tavares,PB,Tavares - PB
Tavares,RS,Tavares - RS
Tefé,AM,Tefé - AM
Teixeira,PB,Teixeira - PB
Teixeira de Freitas,BA,Teixeira de Freitas - BA
Teixeira Soares,PR,Teixeira Soares - PR
Teixeiras,MG,Teixeiras - MG
Teixeirópolis,RO,Teixeirópolis - RO
Tejupá,SP,Tejupá - SP
Tejuçuoca,CE,Tejuçuoca - CE
Telha,SE,Telha - SE
Telêmaco Borba,PR,Telêmaco Borba - PR
Tenente Ananias,RN,Tenente Ananias - RN
Tenente Laurentino Cruz,RN,Tenente Laurentino Cruz - RN
Tenente Portela,RS,Tenente Portela - RS
Tenório,PB,Tenório - PB
Teodoro Sampaio,BA,Teodoro Sampaio - BA
Teodoro Sampaio,SP,Teodoro Sampaio - SP
Teofilândia,BA,Teofilândia - BA
Teolândia,BA,Teolândia - BA
Teotônio Vilela,AL,Teotônio Vilela - AL
Terenos,MS,Terenos - MS
Teresina,PI,Teresina - PI
Teresina de Goiás,GO,Teresina de Goiás - GO
Teresópolis,RJ,Teresópolis - RJ
Terezinha,PE,Terezinha - PE
Terezópolis de Goiás,GO,Terezópolis de Goiás - GO
Terra Alta,PA,Terra Alta - PA
Terra Boa,PR,Terra Boa - PR
Terra de Areia,RS,Terra de Areia - RS
Terra Nova,BA,Terra Nova - BA
Terra Nova,PE,Terra Nova - PE
Terra Nova do Norte,MT,Terra Nova do Norte - MT
Terra Rica,PR,Terra Rica - PR
Terra Roxa,PR,Terra Roxa - PR
Terra Roxa,SP,Terra Roxa - SP
Terra Santa,PA,Terra Santa - PA
Tesouro,MT,Tesouro - MT
Teutônia,RS,Teutônia - RS
Teófilo Otoni,MG,Teófilo Otoni - MG
Theobroma,RO,Theobroma - RO
Tianguá,CE,Tianguá - CE
Tibagi,PR,Tibagi - PR
Tibau,RN,Tibau - RN
Tibau do Sul,RN,Tibau do Sul - RN
Tietê,SP,Tietê - SP
Tigrinhos,SC,Tigrinhos - SC
Tijucas,SC,Tijucas - SC
Tijucas do Sul,PR,Tijucas do Sul - PR
Timbaúba,PE,Timbaúba - PE
Timbaúba dos Batistas,RN,Timbaúba dos Batistas - RN
Timbiras,MA,Timbiras - MA
Timburi,SP,Timburi - SP
Timbé do Sul,SC,Timbé do Sul - SC
Timbó,SC,Timbó - SC
Timbó Grande,SC,Timbó Grande - SC
Timon,MA,Timon - MA
Timóteo,MG,Timóteo - MG
Tio Hugo,RS,Tio Hugo - RS
Tiradentes,MG,Tiradentes - MG
Tiradentes do Sul,RS,Tiradentes do Sul - RS
Tiros,MG,Tiros - MG
Tobias Barreto,SE,Tobias Barreto - SE
Tocantins,MG,Tocantins - MG
Tocantinópolis,TO,Tocantinópolis - TO
Tocantínia,TO,Tocantínia - TO
Tocos do Moji,MG,Tocos do Moji - MG
Toledo,MG,Toledo - MG
Toledo,PR,Toledo - PR
Tomar do Geru,SE,Tomar do Geru - SE
Tomazina,PR,Tomazina - PR
Tombos,MG,Tombos - MG
Tomé-Açu,PA,Tomé-Açu - PA
Tonantins,AM,Tonantins - AM
Toritama,PE,Toritama - PE
Torixoréu,MT,Torixoréu - MT
Toropi,RS,Toropi - RS
Torre de Pedra,SP,Torre de Pedra - SP
Torres,RS,Torres - RS
Torrinha,SP,Torrinha - SP
Touros,RN,Touros - RN
Trabiju,SP,Trabiju - SP
Tracuateua,PA,Tracuateua - PA
Tracunhaém,PE,Tracunhaém - PE
Traipu,AL,Traipu - AL
Trairi,CE,Trairi - CE
Trairão,PA,Trairão - PA
Trajano de Moraes,RJ,Trajano de Moraes - RJ
Tramandaí,RS,Tramandaí - RS
Travesseiro,RS,Travesseiro - RS
Tremedal,BA,Tremedal - BA
Tremembé,SP,Tremembé - SP
Treviso,SC,Treviso - SC
Treze de Maio,SC,Treze de Maio - SC
Treze Tílias,SC,Treze Tílias - SC
Trindade,GO,Trindade - GO
Trindade,PE,Trindade - PE
Trindade do Sul,RS,Trindade do Sul - RS
Triunfo,PB,Triunfo - PB
Triunfo,PE,Triunfo - PE
Triunfo,RS,Triunfo - RS
Triunfo Potiguar,RN,Triunfo Potiguar - RN
Trizidela do Vale,MA,Trizidela do Vale - MA
Trombas,GO,Trombas - GO
Trombudo Central,SC,Trombudo Central - SC
Três Arroios,RS,Três Arroios - RS
Três Barras,SC,Três Barras - SC
Três Barras do Paraná,PR,Três Barras do Paraná - PR
Três Cachoeiras,RS,Três Cachoeiras - RS
Três Corações,MG,Três Corações - MG
Três Coroas,RS,Três Coroas - RS
Três de Maio,RS,Três de Maio - RS
Três Forquilhas,RS,Três Forquilhas - RS
Três Fronteiras,SP,Três Fronteiras - SP
Três Lagoas,MS,Três Lagoas - MS
Três Marias,MG,Três Marias - MG
Três Palmeiras,RS,Três Palmeiras - RS
Três Passos,RS,Três Passos - RS
Três Pontas,MG,Três Pontas - MG
Três Ranchos,GO,Três Ranchos - GO
Três Rios,RJ,Três Rios - RJ
Tubarão,SC,Tubarão - SC
Tucano,BA,Tucano - BA
Tucumã,PA,Tucumã - PA
Tucunduva,RS,Tucunduva - RS
Tucuruí,PA,Tucuruí - PA
Tufilândia,MA,Tufilândia - MA
Tuiuti,SP,Tuiuti - SP
Tumiritinga,MG,Tumiritinga - MG
Tunas,RS,Tunas - RS
Tunas do Paraná,PR,Tunas do Paraná - PR
Tuneiras do Oeste,PR,Tuneiras do Oeste - PR
Tuntum,MA,Tuntum - MA
Tunápolis,SC,Tunápolis - SC
Tupaciguara,MG,Tupaciguara - MG
Tupanatinga,PE,Tupanatinga - PE
Tupanci do Sul,RS,Tupanci do Sul - RS
Tupanciretã,RS,Tupanciretã - RS
Tupandi,RS,Tupandi - RS
Tuparendi,RS,Tuparendi - RS
Tuparetama,PE,Tuparetama - PE
Tupi Paulista,SP,Tupi Paulista - SP
Tupirama,TO,Tupirama - TO
Tupiratins,TO,Tupiratins - TO
Tupã,SP,Tupã - SP
Tupãssi,PR,Tupãssi - PR
Turiaçu,MA,Turiaçu - MA
Turilândia,MA,Turilândia - MA
Turiúba,SP,Turiúba - SP
Turmalina,MG,Turmalina - MG
Turmalina,SP,Turmalina - SP
Tururu,CE,Tururu - CE
Turuçu,RS,Turuçu - RS
Turvelândia,GO,Turvelândia - GO
Turvo,PR,Turvo - PR
Turvo,SC,Turvo - SC
Turvolândia,MG,Turvolândia - MG
Turvânia,GO,Turvânia - GO
Tutóia,MA,Tutóia - MA
Uarini,AM,Uarini - AM
Uauá,BA,Uauá - BA
Ubaitaba,BA,Ubaitaba - BA
Ubajara,CE,Ubajara - CE
Ubaporanga,MG,Ubaporanga - MG
Ubarana,SP,Ubarana - SP
Ubatuba,SP,Ubatuba - SP
Ubatã,BA,Ubatã - BA
Ubaí,MG,Ubaí - MG
Ubaíra,BA,Ubaíra - BA
Uberaba,MG,Uberaba - MG
Uberlândia,MG,Uberlândia - MG
Ubirajara,SP,Ubirajara - SP
Ubiratã,PR,Ubiratã - PR
Ubiretama,RS,Ubiretama - RS
Ubá,MG,Ubá - MG
Uchoa,SP,Uchoa - SP
Uibaí,BA,Uibaí - BA
Uiramutã,RR,Uiramutã - RR
Uirapuru,GO,Uirapuru - GO
Uiraúna,PB,Uiraúna - PB
Ulianópolis,PA,Ulianópolis - PA
Umari,CE,Umari - CE
Umarizal,RN,Umarizal - RN
Umbaúba,SE,Umbaúba - SE
Umburanas,BA,Umburanas - BA
Umburatiba,MG,Umburatiba - MG
Umbuzeiro,PB,Umbuzeiro - PB
Umirim,CE,Umirim - CE
Umuarama,PR,Umuarama - PR
Una,BA,Una - BA
Unaí,MG,Unaí - MG
Uniflor,PR,Uniflor - PR
Unistalda,RS,Unistalda - RS
União,PI,União - PI
União da Serra,RS,União da Serra - RS
União da Vitória,PR,União da Vitória - PR
União de Minas,MG,União de Minas - MG
União do Oeste,SC,União do Oeste - SC
União do Sul,MT,União do Sul - MT
União dos Palmares,AL,União dos Palmares - AL
União Paulista,SP,União Paulista - SP
Upanema,RN,Upanema - RN
Urandi,BA,Urandi - BA
Uraí,PR,Uraí - PR
Urbano Santos,MA,Urbano Santos - MA
Uru,SP,Uru - SP
Uruana,GO,Uruana - GO
Uruana de Minas,MG,Uruana de Minas - MG
Uruará,PA,Uruará - PA
Uruaçu,GO,Uruaçu - GO
Urubici,SC,Urubici - SC
Uruburetama,CE,Uruburetama - CE
Urucará,AM,Urucará - AM
Urucuia,MG,Urucuia - MG
Urucurituba,AM,Urucurituba - AM
Urucânia,MG,Urucânia - MG
Uruguaiana,RS,Uruguaiana - RS
Uruoca,CE,Uruoca - CE
Urupema,SC,Urupema - SC
Urupá,RO,Urupá - RO
Urupês,SP,Urupês - SP
Urussanga,SC,Urussanga - SC
Urutaí,GO,Urutaí - GO
Uruçuca,BA,Uruçuca - BA
Uruçuí,PI,Uruçuí - PI
Urânia,SP,Urânia - SP
Utinga,BA,Utinga - BA
Vacaria,RS,Vacaria - RS
Vale de São Domingos,MT,Vale de São Domingos - MT
Vale do Anari,RO,Vale do Anari - RO
Vale do Paraíso,RO,Vale do Paraíso - RO
Vale do Sol,RS,Vale do Sol - RS
Vale Real,RS,Vale Real - RS
Vale Verde,RS,Vale Verde - RS
Valente,BA,Valente - BA
Valentim Gentil,SP,Valentim Gentil - SP
Valença,BA,Valença - BA
Valença,RJ,Valença - RJ
Valença do Piauí,PI,Valença do Piauí - PI
Valinhos,SP,Valinhos - SP
Valparaíso,SP,Valparaíso - SP
Valparaíso de Goiás,GO,Valparaíso de Goiás - GO
Vanini,RS,Vanini - RS
Vargem,SC,Vargem - SC
Vargem,SP,Vargem - SP
Vargem Alegre,MG,Vargem Alegre - MG
Vargem Alta,ES,Vargem Alta - ES
Vargem Bonita,MG,Vargem Bonita - MG
Vargem Bonita,SC,Vargem Bonita - SC
Vargem Grande,MA,Vargem Grande - MA
Vargem Grande do Rio Pardo,MG,Vargem Grande do Rio Pardo - MG
Vargem Grande do Sul,SP,Vargem Grande do Sul - SP
Vargem Grande Paulista,SP,Vargem Grande Paulista - SP
Vargeão,SC,Vargeão - SC
Varginha,MG,Varginha - MG
Varjota,CE,Varjota - CE
Varjão,GO,Varjão - GO
Varjão de Minas,MG,Varjão de Minas - MG
Varre-Sai,RJ,Varre-Sai - RJ
Varzedo,BA,Varzedo - BA
Varzelândia,MG,Varzelândia - MG
Vassouras,RJ,Vassouras - RJ
Vazante,MG,Vazante - MG
Venda Nova do Imigrante,ES,Venda Nova do Imigrante - ES
Venha-Ver,RN,Venha-Ver - RN
Ventania,PR,Ventania - PR
Venturosa,PE,Venturosa - PE
Venâncio Aires,RS,Venâncio Aires - RS
Vera,MT,Vera - MT
Vera Cruz,BA,Vera Cruz - BA
Vera Cruz,RN,Vera Cruz - RN
Vera Cruz,RS,Vera Cruz - RS
Vera Cruz,SP,Vera Cruz - SP
Vera Cruz do Oeste,PR,Vera Cruz do Oeste - PR
Vera Mendes,PI,Vera Mendes - PI
Veranópolis,RS,Veranópolis - RS
Verdejante,PE,Verdejante - PE
Verdelândia,MG,Verdelândia - MG
Vereda,BA,Vereda - BA
Veredinha,MG,Veredinha - MG
Vermelho Novo,MG,Vermelho Novo - MG
Vertente do Lério,PE,Vertente do Lério - PE
Vertentes,PE,Vertentes - PE
Verê,PR,Verê - PR
Veríssimo,MG,Veríssimo - MG
Vespasiano,MG,Vespasiano - MG
Vespasiano Corrêa,RS,Vespasiano Corrêa - RS
Viadutos,RS,Viadutos - RS
Viamão,RS,Viamão - RS
Viana,ES,Viana - ES
Viana,MA,Viana - MA
Vianópolis,GO,Vianópolis - GO
Vicente Dutra,RS,Vicente Dutra - RS
Vicentina,MS,Vicentina - MS
Vicentinópolis,GO,Vicentinópolis - GO
Victor Graeff,RS,Victor Graeff - RS
Vicência,PE,Vicência - PE
Vidal Ramos,SC,Vidal Ramos - SC
Videira,SC,Videira - SC
Vieiras,MG,Vieiras - MG
Vieirópolis,PB,Vieirópolis - PB
Vigia,PA,Vigia - PA
Vila Bela da Santíssima Trindade,MT,Vila Bela da Santíssima Trindade - MT
Vila Boa,GO,Vila Boa - GO
Vila Flor,RN,Vila Flor - RN
Vila Flores,RS,Vila Flores - RS
Vila Lângaro,RS,Vila Lângaro - RS
Vila Maria,RS,Vila Maria - RS
Vila Nova do Piauí,PI,Vila Nova do Piauí - PI
Vila Nova do Sul,RS,Vila Nova do Sul - RS
Vila Nova dos Martírios,MA,Vila Nova dos Martírios - MA
Vila Pavão,ES,Vila Pavão - ES
Vila Propício,GO,Vila Propício - GO
Vila Rica,MT,Vila Rica - MT
Vila Valério,ES,Vila Valério - ES
Vila Velha,ES,Vila Velha - ES
Vilhena,RO,Vilhena - RO
Vinhedo,SP,Vinhedo - SP
Viradouro,SP,Viradouro - SP
Virgem da Lapa,MG,Virgem da Lapa - MG
Virginópolis,MG,Virginópolis - MG
Virgolândia,MG,Virgolândia - MG
Virgínia,MG,Virgínia - MG
Virmond,PR,Virmond - PR
Visconde do Rio Branco,MG,Visconde do Rio Branco - MG
Viseu,PA,Viseu - PA
Vista Alegre,RS,Vista Alegre - RS
Vista Alegre do Alto,SP,Vista Alegre do Alto - SP
Vista Alegre do Prata,RS,Vista Alegre do Prata - RS
Vista Gaúcha,RS,Vista Gaúcha - RS
Vista Serrana,PB,Vista Serrana - PB
Vitor Meireles,SC,Vitor Meireles - SC
Vitorino,PR,Vitorino - PR
Vitorino Freire,MA,Vitorino Freire - MA
Vitória,ES,Vitória - ES
Vitória Brasil,SP,Vitória Brasil - SP
Vitória da Conquista,BA,Vitória da Conquista - BA
Vitória das Missões,RS,Vitória das Missões - RS
Vitória de Santo Antão,PE,Vitória de Santo Antão - PE
Vitória do Jari,AP,Vitória do Jari - AP
Vitória do Mearim,MA,Vitória do Mearim - MA
Vitória do Xingu,PA,Vitória do Xingu - PA
Viçosa,AL,Viçosa - AL
Viçosa,MG,Viçosa - MG
Viçosa,RN,Viçosa - RN
Viçosa do Ceará,CE,Viçosa do Ceará - CE
Volta Grande,MG,Volta Grande - MG
Volta Redonda,RJ,Volta Redonda - RJ
Votorantim,SP,Votorantim - SP
Votuporanga,SP,Votuporanga - SP
Várzea,PB,Várzea - PB
Várzea,RN,Várzea - RN
Várzea Alegre,CE,Várzea Alegre - CE
Várzea Branca,PI,Várzea Branca - PI
Várzea da Palma,MG,Várzea da Palma - MG
Várzea da Roça,BA,Várzea da Roça - BA
Várzea do Poço,BA,Várzea do Poço - BA
Várzea Grande,MT,Várzea Grande - MT
Várzea Grande,PI,Várzea Grande - PI
Várzea Nova,BA,Várzea Nova - BA
Várzea Paulista,SP,Várzea Paulista - SP
Wagner,BA,Wagner - BA
Wall Ferraz,PI,Wall Ferraz - PI
Wanderley,BA,Wanderley - BA
Wanderlândia,TO,Wanderlândia - TO
Wenceslau Braz,MG,Wenceslau Braz - MG
Wenceslau Braz,PR,Wenceslau Braz - PR
Wenceslau Guimarães,BA,Wenceslau Guimarães - BA
Westfália,RS,Westfália - RS
Witmarsum,SC,Witmarsum - SC
Xambioá,TO,Xambioá - TO
Xambrê,PR,Xambrê - PR
Xangri-lá,RS,Xangri-lá - RS
Xanxerê,SC,Xanxerê - SC
Xapuri,AC,Xapuri - AC
Xavantina,SC,Xavantina - SC
Xaxim,SC,Xaxim - SC
Xexéu,PE,Xexéu - PE
Xinguara,PA,Xinguara - PA
Xique-Xique,BA,Xique-Xique - BA
Zabelê,PB,Zabelê - PB
Zacarias,SP,Zacarias - SP
Zortéa,SC,Zortéa - SC
Zé Doca,MA,Zé Doca - MA
Água Azul do Norte,PA,Água Azul do Norte - PA
Água Boa,MG,Água Boa - MG
Água Boa,MT,Água Boa - MT
Água Branca,AL,Água Branca - AL
Água Branca,PB,Água Branca - PB
Água Branca,PI,Água Branca - PI
Água Clara,MS,Água Clara - MS
Água Comprida,MG,Água Comprida - MG
Água Doce,SC,Água Doce - SC
Água Doce do Maranhão,MA,Água Doce do Maranhão - MA
Água Doce do Norte,ES,Água Doce do Norte - ES
Água Fria,BA,Água Fria - BA
Água Fria de Goiás,GO,Água Fria de Goiás - GO
Água Limpa,GO,Água Limpa - GO
Água Nova,RN,Água Nova - RN
Água Preta,PE,Água Preta - PE
Água Santa,RS,Água Santa - RS
Águas Belas,PE,Águas Belas - PE
Águas da Prata,SP,Águas da Prata - SP
Águas de Chapecó,SC,Águas de Chapecó - SC
Águas de Lindóia,SP,Águas de Lindóia - SP
Águas de Santa Bárbara,SP,Águas de Santa Bárbara - SP
Águas de São Pedro,SP,Águas de São Pedro - SP
Águas Formosas,MG,Águas Formosas - MG
Águas Frias,SC,Águas Frias - SC
Águas Lindas de Goiás,GO,Águas Lindas de Goiás - GO
Águas Mornas,SC,Águas Mornas - SC
Águas Vermelhas,MG,Águas Vermelhas - MG
Águia Branca,ES,Águia Branca - ES
Álvares Florence,SP,Álvares Florence - SP
Álvares Machado,SP,Álvares Machado - SP
Álvaro de Carvalho,SP,Álvaro de Carvalho - SP
Áurea,RS,Áurea - RS
Ângulo,PR,Ângulo - PR
Érico Cardoso,BA,Érico Cardoso - BA
Óbidos,PA,Óbidos - PA
Óleo,SP,Óleo - SP
